<?xml version="1.0" encoding="UTF-8"?>
<vec version="1.7">
<playback framerange="0 47" fps="24" subframeinbetweening="off" playmode="normal"/>
<canvas position="0 0" size="1280 720"/>
<layer name="Layer 1" visible="true">
<background color="rgba(255,255,255,1)" image="" position="0 0"
size="cover" repeat="norepeat" opacity="1" hold="yes"/>
<!-- bbox = [274,331,721,614] -->
<objects>
<edge id="0" curve="xywdense(5 689.856,442.117,1 708.741,442.117,1)" color="rgba(0,0,0,1)" />
<edge id="1" curve="xywdense(5 689.856,442.117,1 689.856,503.655,1)" color="rgba(0,0,0,1)" />
<edge id="2" curve="xywdense(5 689.856,503.655,1 708.742,503.655,1)" color="rgba(0,0,0,1)" />
<edge id="3" curve="xywdense(5 280.626,472.886,1 280.626,465.478,1 281.610,458.069,1 286.103,441.317,1 290.254,432.020,1 301.717,414.071,1 309.031,405.422,1 326.542,389.229,1 336.739,381.687,1 359.548,368.123,1 372.160,362.101,1 399.194,351.898,1 413.616,347.716,1 443.577,341.412,1 459.115,339.289,1 490.559,337.211,1 506.463,337.255,1 537.876,339.508,1 553.383,341.717,1 583.253,348.187,1 597.614,352.448,1 624.502,362.799,1 637.026,368.890,1 659.640,382.576,1 669.728,390.171,1 687.007,406.452,1 694.197,415.137,1 705.404,433.138,1 709.424,442.452,1 714.213,461.304,1 714.987,470.845,1 713.265,490.130,1 710.667,499.879,1 702.055,518.917,1 696.036,528.204,1 680.774,545.828,1 671.531,554.161,1 650.247,569.393,1 638.209,576.290,1 611.939,588.253,1 597.709,593.319,1 567.786,601.338,1 552.093,604.290,1 520.045,607.921,1 503.691,608.599,1 471.156,607.645,1 454.975,606.012,1 423.614,600.523,1 408.434,596.668,1 379.849,586.946,1 366.445,581.080,1 342.096,567.667,1 331.152,560.121,1 312.260,543.781,1 304.315,534.991,1 291.759,516.662,1 287.148,507.128,1 281.838,489.330,1 280.626,481.107,1 280.626,472.886,1 )"  color="rgba(0,0,0,1)"/> 
<!-- Spline open -->
<edge id="4" curve="xywdense(5 274.472,472.886,1 274.472,465.773,1 275.318,458.660,1 279.553,440.974,1 284.030,430.507,1 296.604,410.483,1 304.699,400.931,1 324.096,383.233,1 335.388,375.093,1 360.595,360.643,1 374.501,354.335,1 404.210,343.883,1 420.006,339.736,1 452.672,333.824,1 469.539,332.054,1 503.466,330.989,1 520.527,331.688,1 553.953,335.525,1 570.321,338.657,1 601.509,347.196,1 616.334,352.599,1 643.665,365.396,1 656.177,372.790,1 676.445,387.853,1 684.651,395.285,1 698.676,411.002,1 704.504,419.289,1 713.560,436.412,1 716.795,445.251,1 720.552,463.155,1 721.077,472.221,1 719.397,490.255,1 717.192,499.218,1 710.137,516.717,1 705.282,525.252,1 693.111,541.579,1 685.784,549.372,1 668.938,563.931,1 659.411,570.699,1 638.505,582.958,1 627.124,588.453,1 602.922,597.963,1 590.103,601.984,1 563.490,608.399,1 549.701,610.798,1 516.863,614.412,1 497.633,614.942,1 459.588,612.883,1 440.775,610.299,1 404.802,602.178,1 387.640,596.646,1 359.472,584.458,1 347.929,578.298,1 327.031,564.636,1 317.667,557.133,1 301.509,541.091,1 294.704,532.550,1 283.941,514.778,1 279.974,505.546,1 275.488,488.470,1 274.472,480.678,1 274.472,472.886,1 )"  color="rgba(0,0,0,1)"/> 
<!-- Spline open -->
</objects>
</layer>
</vec>