<?xml version="1.0" encoding="UTF-8"?>
<!-- Created with VPaint (http://www.vpaint.org) -->

<vec
  version="1.7">
  <playback
    framerange="0 47"
    fps="24"
    subframeinbetweening="off"
    playmode="normal"/>
  <canvas
    position="0 0"
    size="400 200"/>
  <layer
    name="Layer 1"
    visible="true">
    <background
      color="rgba(255,255,255,1)"
      image=""
      position="0 0"
      size="cover"
      repeat="norepeat"
      opacity="1"
      hold="yes"/>
    <objects>
      <face
        id="34"
        cycles="[3+]"
        color="rgba(0,0,0,1)"/>
      <edge
        id="3"
        curve="xywdense(5 150.93251136226,63.275892535016,1 153.783123200584,63.8199046507,1 156.359170110463,66.707356365203,1 156.360845585699,69.2417597063491,1 155.364577143656,71.923080802369,1 153.042737231287,73.9727677528895,1 149.95707271531,75.985874555862,1 146.782639512225,78.4702469391065,1 142.851882919645,80.908957812644,1 140.299534417463,81.9361228439673,1 137.47800392113,82.8748946241409,1 134.492595750255,83.757438375073,1 131.39379137534,84.606459488481,1 128.279679372248,85.4791631501407,1 125.112742744501,86.3042151997857,1 121.88765558547,87.0417089225846,1 118.605933201469,87.654567168009,1 115.240320415431,88.0757001222482,1 111.871802770866,88.3552390603189,1 108.548223288086,88.5237735398512,1 105.341754359624,88.572838899194,1 102.369875587327,88.4939850844422,1 99.5445083635697,88.3177578299879,1 96.8206114769091,88.0625860232739,1 94.186552340637,87.756370151243,1 91.6043652842257,87.4438633475374,1 89.1080083476903,87.092936559502,1 84.436693283765,86.224189006118,1 80.2927735329506,85.0158188726069,1 76.539322696949,83.765208565023,1 73.0281626837786,82.8387587235738,1 69.913214958579,81.895106027316,1 67.3834252762711,80.6049567032532,1 65.18554267553,79.298502747752,1 61.214691589694,77.297963158538,1 58.397993831422,74.952787440168,1 56.049707971039,73.158680212942,1 53.858518842269,69.264866674976,1 54.645495681948,65.230200944026,1 57.0065660077851,63.8769628247234,1 60.193983452273,63.060607173889,1 63.6237205929683,63.0669665016966,1 67.591737241159,63.321001190684,1 72.2806058082268,63.2316572980646,1 74.8123976102755,63.1714203100865,1 77.446461071447,63.132810309985,1 80.1661851005451,63.1621748007567,1 82.9535029114976,63.2164823203783,1 85.7921020854605,63.2730162016902,1 88.660108429553,63.317179563098,1 91.5311124966472,63.3181206209262,1 94.4024076306395,63.3018874142584,1 97.2692239734915,63.2823640520886,1 100.11134168388,63.26519054101,1 102.902879130774,63.2640487665045,1 105.656051825259,63.2686972008992,1 108.377591456012,63.2737756717358,1 111.058067859218,63.278321998853,1 113.68545376722,63.278691643024,1 116.274272180223,63.2775715089875,1 118.83067225478,63.2763643499521,1 121.367748254191,63.275278081282,1 123.910440838785,63.27520735095,1 126.429359974032,63.2754947143393,1 131.332648453233,63.276066036405,1 136.06627024566,63.2760098676039,1 140.375742923081,63.275859630901,1 143.977723644435,63.2758645932486,1 146.947450202081,63.27589504281,1 150.93251136226,63.275892535016,1)"
        color="rgba(0,0,0,1)"/>
      <face
        id="33"
        cycles="[4+]"
        color="rgba(0,0,0,1)"/>
      <edge
        id="4"
        curve="xywdense(5 150.93251136226,53.275892535016,1 153.783123200584,52.731880419332,1 156.359170110463,49.844428704829,1 156.360845585699,47.3100253636829,1 155.364577143656,44.628704267663,1 153.042737231287,42.5790173171425,1 149.95707271531,40.56591051417,1 146.782639512225,38.0815381309254,1 142.851882919645,35.642827257388,1 140.299534417463,34.615662226065,1 137.47800392113,33.6768904458917,1 134.492595750255,32.7943466949599,1 131.39379137534,31.945325581552,1 128.279679372248,31.0726219198922,1 125.112742744501,30.2475698702468,1 121.88765558547,29.5100761474477,1 118.605933201469,28.897217902023,1 115.240320415431,28.4760849477837,1 111.871802770866,28.196546009713,1 108.548223288086,28.0280115301807,1 105.341754359624,27.978946170838,1 102.369875587327,28.0577999855898,1 99.5445083635697,28.2340272400441,1 96.8206114769091,28.4891990467581,1 94.186552340637,28.795414918789,1 91.6043652842257,29.1079217224946,1 89.1080083476903,29.45884851053,1 84.436693283765,30.327596063914,1 80.2927735329506,31.5359661974251,1 76.539322696949,32.786576505009,1 73.0281626837786,33.7130263464582,1 69.913214958579,34.656679042716,1 67.3834252762711,35.9468283667788,1 65.18554267553,37.25328232228,1 61.214691589694,39.253821911494,1 58.397993831422,41.598997629864,1 56.049707971039,43.393104857091,1 53.858518842269,47.286918395056,1 54.645495681948,51.321584126006,1 57.0065660077851,52.6748222453086,1 60.193983452273,53.491177896143,1 63.6237205929683,53.4848185683354,1 67.591737241159,53.230783879348,1 72.2806058082268,53.3201277719674,1 74.8123976102755,53.3803647599455,1 77.446461071447,53.418974760047,1 80.1661851005451,53.3896102692753,1 82.9535029114976,53.3353027496537,1 85.7921020854605,53.2787688683418,1 88.660108429553,53.234605506934,1 91.5311124966472,53.2336644491058,1 94.4024076306395,53.2498976557736,1 97.2692239734915,53.2694210179434,1 100.11134168388,53.286594529022,1 102.902879130774,53.2877363035275,1 105.656051825259,53.2830878691328,1 108.377591456012,53.2780093982962,1 111.058067859218,53.273463071179,1 113.68545376722,53.273093427008,1 116.274272180223,53.2742135610444,1 118.83067225478,53.2754207200799,1 121.367748254191,53.27650698875,1 123.910440838785,53.2765777190823,1 126.429359974032,53.2762903556932,1 131.332648453233,53.275719033628,1 136.06627024566,53.2757752024287,1 140.375742923081,53.275925439131,1 143.977723644435,53.2759204767833,1 146.947450202081,53.275890027222,1 150.93251136226,53.275892535016,1)"
        color="rgba(0,0,0,1)"/>
      <face
        id="59"
        frame="27"
        cycles="[5+]"
        color="rgba(0,0,0,1)"/>
      <edge
        id="5"
        frame="27"
        curve="xywdense(5 167.290646887069,58.275892535016,1 167.055801918054,60.6534682603518,1 166.890760320454,63.3975409992309,1 167.279329164835,68.275892535016,1 170.483338446983,68.5908890726679,1 173.41711432586,68.275892535016,1 172.636143589124,70.547592252641,1 171.243929377461,73.235947932586,1 169.287757456921,76.254199093494,1 166.873105562442,79.1374812566773,1 164.327490145843,81.982027238315,1 161.323610048343,84.690388946858,1 157.921826045365,87.1947421783065,1 154.406447418756,89.64073896513,1 150.493810332206,91.882249116673,1 146.269449906353,93.8634631122507,1 141.956103425812,95.770285747607,1 137.331577901751,97.416665017378,1 134.788095055558,98.1501225728593,1 132.48917146369,98.7696124732338,1 129.907222603436,99.4412214131738,1 125.099537610162,100.591631285179,1 122.506314294568,100.982307294001,1 119.920157759138,101.306150586933,1 117.311929484308,101.618530245458,1 114.542132253513,101.917497179024,1 111.986197011621,102.159223596511,1 109.443058169178,102.365712331586,1 106.77563213398,102.382777805845,1 104.139048666144,102.335807845794,1 101.485069623694,102.27458269342,1 98.6784789915876,102.177606629088,1 96.1008857670553,102.054703137424,1 93.5484369042374,101.899241776224,1 90.943001165846,101.5418027556,1 88.3906294671599,101.126577304903,1 85.826430077633,100.695075969858,1 83.1263728125149,100.207429874446,1 78.2273521634932,99.2175428168956,1 75.81700951577,98.505051183504,1 71.1358691599995,96.9661217273839,1 66.526897491074,95.345512660519,1 62.170762320395,93.439066976407,1 58.1640048644189,91.2935658182344,1 54.25715452502,89.079796889032,1 50.700276286958,86.627209036681,1 47.5694862285184,83.9973335517926,1 44.560521094047,81.316912347952,1 41.978242247731,78.459958743984,1 39.8702656998456,75.4966448479431,1 37.897749049684,72.503137938727,1 36.399149385158,69.404640229358,1 35.4672656967522,66.4858735544047,1 34.673442766237,63.62036069566,1 34.279329164835,60.94789351596,1 34.279329164835,58.275892535016,1 34.599266521204,53.460339062043,1 35.2650955530988,50.6261040498696,1 36.059558255725,48.016126032561,1 37.408564977946,44.994628518507,1 39.2070427387553,42.0646488649814,1 41.134013088109,39.160983963864,1 43.510960518686,36.350004469075,1 46.2980552786398,33.6961483597644,1 49.2022670716,31.0872913252,1 52.516150766228,28.63630442838,1 56.1736423911529,26.4012571018643,1 59.929231948367,24.227942432964,1 64.027899101308,22.270816797067,1 68.3842471159887,20.5753760406279,1 72.814155825846,18.954714686132,1 77.501308540199,17.59582426578,1 82.3472863472808,16.5295776607175,1 87.238586079607,15.546949316059,1 89.7333288203391,15.1161462315838,1 92.288314195916,14.857004978939,1 94.8293346483551,14.6602596425097,1 97.3904626445513,14.4751947497539,1 100.106308370186,14.3094970464961,1 105.092711008823,14.1006171796658,1 107.676634697563,14.195801653088,1 110.225198097229,14.3498443052728,1 112.789314101578,14.5180051925233,1 115.497658627784,14.7261355464715,1 120.437009581676,15.2014909467084,1 122.925509248323,15.646121724188,1 127.802588696849,16.6558149571417,1 132.633150640103,17.748853327901,1 137.300702578512,19.133578975575,1 141.707243860351,20.7785071970364,1 146.039147857777,22.497766262973,1 150.109601520881,24.477138666449,1 153.833860195891,26.6705650606261,1 157.459129707171,28.925112358241,1 160.737670060428,31.393451989219,1 163.604350303135,34.0170920543936,1 166.353290507985,36.68499304617,1 168.689910558394,39.507420089962,1 170.160171663017,41.8719627944387,1 171.56226665539,44.36061448633,1 173.353557807799,48.175913429438,1 170.734382792837,48.0226051117643,1 167.836971719291,48.077581032538,1 167.271253267439,50.6390739815533,1 167.402374403024,53.559153883225,1 167.460505014008,56.329517107577,1 167.290646887069,58.275892535016,1)"
        color="rgba(0,0,0,1)"/>
      <face
        id="47"
        frame="7"
        cycles="[6+]"
        color="rgba(0,0,0,1)"/>
      <inbetweenedge
        id="61"
        beforecycle="[6+]"
        aftercycle="[60+]"
        color="rgba(0,0,0,1)"/>
      <edge
        id="6"
        frame="7"
        curve="xywdense(5 48.79237376553,58.275892535016,1 49.254596389189,53.958270135381,1 50.3022076632738,51.2883744921329,1 51.64021439324,48.710341253261,1 54.42560066395,45.127618088636,1 56.817701910674,42.769170144484,1 60.101120426631,40.140612990864,1 62.4699235881456,38.5918067375039,1 65.15325516212,37.033138675223,1 67.8252562510945,35.6733252193788,1 70.952900977756,34.325687050237,1 75.3621938999339,32.7229736885958,1 79.650184814741,31.315615028215,1 84.47941457141,30.171001013312,1 86.9667838707415,29.7385296936235,1 89.4821472117686,29.3595904812711,1 92.1594360099233,28.9687540935981,1 94.6454189539826,28.643079984937,1 97.1993301957106,28.4323796548201,1 99.768154657678,28.259046316768,1 102.373443363653,28.2323081446258,1 104.99543893809,28.2200884850498,1 107.770350649699,28.2409351562747,1 110.326670558055,28.2961987225071,1 112.859358279675,28.3863539819332,1 115.445212497389,28.686334198708,1 117.972298850417,29.0494657742027,1 120.49005956596,29.4237763624518,1 123.00130868379,29.8131886812609,1 125.483198233755,30.255864194322,1 130.293168759411,31.419411912081,1 134.2586100402,32.7185385453077,1 138.008006482598,34.035300392339,1 141.089618301129,35.339929820535,1 143.476007152944,36.5429691447908,1 145.868768921075,37.838514958619,1 149.00136407013,39.8831963033947,1 151.79435164779,41.844830336628,1 153.856641696578,43.679036982373,1 156.860839848109,47.137543973931,1 159.238306351422,51.251180497734,1 160.15934092156,53.811588376902,1 160.703535866868,56.688671240307,1 160.708661654508,59.748071385295,1 159.985474989089,63.303950883559,1 158.716324233754,66.379299259011,1 156.993060206436,69.148460968618,1 154.86329877374,71.826342983061,1 152.486088797586,73.9704119998321,1 149.843495569262,76.121191140416,1 147.757470125058,77.5143819663019,1 145.590668119203,78.852754145362,1 142.301862397675,80.5649841113393,1 139.08417457618,82.110857184043,1 135.400290326393,83.511565042801,1 131.492325623905,84.688098279506,1 127.520026696565,85.800784135277,1 123.321468647965,86.690712946563,1 119.002783117745,87.3354375815277,1 114.649985318199,87.910044510867,1 110.178529114984,88.23903167715,1 105.697461800548,88.3145919495994,1 101.214184953249,88.31774238811,1 96.725052487125,88.067450882882,1 92.3394350478126,87.5695596324148,1 87.983641636251,87.000995884403,1 83.733101392133,86.185324398818,1 79.6948496170291,85.1429217715323,1 75.717004290738,84.03559225914,1 71.949715637123,82.700505692703,1 68.8629840306933,81.3330834579377,1 65.949745610121,79.970067465153,1 63.570402443366,78.67023083456,1 59.872806075253,76.244050275031,1 57.8211086458744,74.6426740967153,1 55.866490997972,72.935326289983,1 52.945532881668,69.661372703121,1 50.945528073738,66.610385118864,1 49.605789231162,63.430591721445,1 48.908998506347,60.357358857832,1 48.79237376553,58.275892535016,1)"
        color="rgba(0,0,0,1)"/>
      <edge
        id="8"
        frame="17"
        curve="xywdense(5 30.279329164835,58.275892535016,1 30.539199189939,53.634545819124,1 31.1254453553496,50.6305833285976,1 31.857305183646,47.769394870526,1 33.282084511836,44.270240414272,1 35.2050397477276,40.9138301122501,1 37.270129157234,37.598611824267,1 39.831981874342,34.428993480323,1 42.8272475182894,31.4615002775373,1 45.946211829977,28.552114806736,1 49.497653889006,25.847358318668,1 53.4050707829242,23.3934761544437,1 57.414180669866,21.011527103306,1 61.779166673083,18.882235519931,1 66.4093327768702,17.0429736065852,1 68.9001689055324,16.1011507046139,1 73.5398213934735,14.4676071571894,1 76.0866905212,13.822506362386,1 78.6413258346541,13.2444963745702,1 81.220875655236,12.6757869148036,1 83.9670608399846,12.1050903443936,1 86.5075632611128,11.6135733064102,1 89.0426285046258,11.159018824241,1 91.745316268453,10.884022700344,1 94.2742866933221,10.6839657012674,1 97.1418756190025,10.4796167731078,1 100.014156681729,10.3048471059519,1 102.55351138932,10.170285216546,1 105.286659898787,10.0875415113088,1 108.017837730533,10.194804164098,1 110.554192792558,10.3511887384705,1 113.422608048284,10.5504934882741,1 116.285706085851,10.7793356257267,1 118.81026742963,11.001117544512,1 121.506744197079,11.3003251193498,1 124.137706279603,11.785114348558,1 126.711393513148,12.3265978765201,1 129.296092840265,12.8852844260922,1 132.015151671359,13.5076978281804,1 134.496520211121,14.1121866733928,1 136.938869034688,14.7440089108004,1 139.345770136217,15.58508945045,1 141.543783175057,16.4186222622887,1 144.014883943849,17.3819374290522,1 148.606486885,19.261276808101,1 152.926151590067,21.430216498189,1 156.885371730822,23.8474167574873,1 160.74149641059,26.335728199062,1 164.236397427769,29.073557347362,1 167.294542385418,32.01124010828,1 170.227711885789,35.006090233093,1 172.722809244737,38.201258292553,1 174.619607633718,41.3793655919096,1 176.361878189796,44.547734968585,1 177.620752885514,47.664999646596,1 178.444216909407,50.8173393747837,1 179.144902918882,53.978994405147,1 179.421553499249,57.170781500562,1 179.271469040431,60.3498566712132,1 178.999348938915,63.524724252036,1 178.2997143777,66.682850628824,1 177.193265952231,69.763761595702,1 175.970472734452,72.822477444087,1 174.340079834756,75.803042872931,1 172.341517682966,78.6570113866924,1 170.237368522445,81.474899261849,1 167.762279552902,84.166819581855,1 164.964947183111,86.6941255027859,1 162.075234250742,89.174461669188,1 158.861100780581,91.490623952964,1 154.864425902425,93.9351701094649,1 150.608590198007,96.390527507212,1 148.158050534137,97.6572009572364,1 145.321170117744,98.793179720957,1 142.689550990328,99.7407640270008,1 139.697585426076,100.779814853935,1 136.671075147101,101.784710477423,1 133.977933514988,102.647525784775,1 131.021297998205,103.497518388661,1 127.921975679371,104.098784381424,1 125.010347708995,104.580783030914,1 121.702924987554,105.096033889637,1 118.381029994859,105.570926421018,1 115.437244660204,105.963317556254,1 112.243071232696,106.300555895307,1 109.00824974033,106.374849420143,1 106.002191237021,106.364637348139,1 102.60024639604,106.321881418387,1 99.2001777312845,106.237794338275,1 96.198334202298,106.135824081241,1 92.9761319441611,105.939790664102,1 89.818068486806,105.48264126201,1 86.9143773375949,104.980846868007,1 83.640535146606,104.382695248623,1 80.3847674033054,103.744762289728,1 77.521263355028,103.154688043478,1 74.4818395750136,102.43761173125,1 71.607090028512,101.477015690177,1 68.9957631821413,100.51402582846,1 66.0642132219447,99.3966431573224,1 63.1672859258711,98.2444353675639,1 60.627678764836,97.200904640887,1 57.9433630385765,95.9899486126851,1 55.564244233988,94.60030441894,1 53.3682502207972,93.1899094315521,1 51.2025204358992,91.7748740874321,1 49.0655154576522,90.3481070398306,1 47.02640834368,88.894688045305,1 43.447867459789,85.856042138404,1 40.6206104641052,82.8353348212587,1 37.981563474109,79.83051745502,1 35.908702635719,76.918991155372,1 34.2428197262818,73.9023793024523,1 32.692902613801,70.855622062082,1 31.547768151063,67.702932662829,1 30.9595511136776,65.1335815494246,1 30.488348470879,62.438047269159,1 30.279329164835,58.275892535016,1)"
        color="rgba(0,0,0,1)"/>
      <face
        id="50"
        frame="18"
        cycles="[12+]"
        color="rgba(0,0,0,1)"/>
      <edge
        id="12"
        frame="18"
        curve="xywdense(5 30.279329164835,58.275892535016,1 30.539199189939,53.634545819124,1 31.1254453553496,50.6305833285976,1 31.857305183646,47.769394870526,1 33.282084511836,44.270240414272,1 35.2050397477276,40.9138301122501,1 37.270129157234,37.598611824267,1 39.831981874342,34.428993480323,1 42.8272475182894,31.4615002775373,1 45.946211829977,28.552114806736,1 49.497653889006,25.847358318668,1 53.4050707829242,23.3934761544437,1 57.414180669866,21.011527103306,1 61.779166673083,18.882235519931,1 66.4093327768702,17.0429736065852,1 68.9001689055324,16.1011507046139,1 73.5398213934735,14.4676071571894,1 76.0866905212,13.822506362386,1 78.6413258346541,13.2444963745702,1 81.220875655236,12.6757869148036,1 83.9670608399846,12.1050903443936,1 86.5075632611128,11.6135733064102,1 89.0426285046258,11.159018824241,1 91.745316268453,10.884022700344,1 94.2742866933221,10.6839657012674,1 97.1418756190025,10.4796167731078,1 100.014156681729,10.3048471059519,1 102.55351138932,10.170285216546,1 105.286659898787,10.0875415113088,1 108.017837730533,10.194804164098,1 110.554192792558,10.3511887384705,1 113.422608048284,10.5504934882741,1 116.285706085851,10.7793356257267,1 118.81026742963,11.001117544512,1 121.506744197079,11.3003251193498,1 124.137706279603,11.785114348558,1 126.711393513148,12.3265978765201,1 129.296092840265,12.8852844260922,1 132.015151671359,13.5076978281804,1 134.496520211121,14.1121866733928,1 136.938869034688,14.7440089108004,1 139.345770136217,15.58508945045,1 141.543783175057,16.4186222622887,1 144.014883943849,17.3819374290522,1 148.606486885,19.261276808101,1 152.926151590067,21.430216498189,1 156.885371730822,23.8474167574873,1 160.74149641059,26.335728199062,1 164.236397427769,29.073557347362,1 167.294542385418,32.01124010828,1 170.227711885789,35.006090233093,1 172.722809244737,38.201258292553,1 174.619607633718,41.3793655919096,1 176.361878189796,44.547734968585,1 177.620752885514,47.664999646596,1 178.444216909407,50.8173393747837,1 179.144902918882,53.978994405147,1 179.421553499249,57.170781500562,1 179.271469040431,60.3498566712132,1 178.999348938915,63.524724252036,1 178.2997143777,66.682850628824,1 177.193265952231,69.763761595702,1 175.970472734452,72.822477444087,1 174.340079834756,75.803042872931,1 172.341517682966,78.6570113866924,1 170.237368522445,81.474899261849,1 167.762279552902,84.166819581855,1 164.964947183111,86.6941255027859,1 162.075234250742,89.174461669188,1 158.861100780581,91.490623952964,1 154.864425902425,93.9351701094649,1 150.608590198007,96.390527507212,1 148.158050534137,97.6572009572364,1 145.321170117744,98.793179720957,1 142.689550990328,99.7407640270008,1 139.697585426076,100.779814853935,1 136.671075147101,101.784710477423,1 133.977933514988,102.647525784775,1 131.021297998205,103.497518388661,1 127.921975679371,104.098784381424,1 125.010347708995,104.580783030914,1 121.702924987554,105.096033889637,1 118.381029994859,105.570926421018,1 115.437244660204,105.963317556254,1 112.243071232696,106.300555895307,1 109.00824974033,106.374849420143,1 106.002191237021,106.364637348139,1 102.60024639604,106.321881418387,1 99.2001777312845,106.237794338275,1 96.198334202298,106.135824081241,1 92.9761319441611,105.939790664102,1 89.818068486806,105.48264126201,1 86.9143773375949,104.980846868007,1 83.640535146606,104.382695248623,1 80.3847674033054,103.744762289728,1 77.521263355028,103.154688043478,1 74.4818395750136,102.43761173125,1 71.607090028512,101.477015690177,1 68.9957631821413,100.51402582846,1 66.0642132219447,99.3966431573224,1 63.1672859258711,98.2444353675639,1 60.627678764836,97.200904640887,1 57.9433630385765,95.9899486126851,1 55.564244233988,94.60030441894,1 53.3682502207972,93.1899094315521,1 51.2025204358992,91.7748740874321,1 49.0655154576522,90.3481070398306,1 47.02640834368,88.894688045305,1 43.447867459789,85.856042138404,1 40.6206104641052,82.8353348212587,1 37.981563474109,79.83051745502,1 35.908702635719,76.918991155372,1 34.2428197262818,73.9023793024523,1 32.692902613801,70.855622062082,1 31.547768151063,67.702932662829,1 30.9595511136776,65.1335815494246,1 30.488348470879,62.438047269159,1 30.279329164835,58.275892535016,1)"
        color="rgba(0,0,0,1)"/>
      <face
        id="51"
        frame="19"
        cycles="[13+]"
        color="rgba(0,0,0,1)"/>
      <edge
        id="13"
        frame="19"
        curve="xywdense(5 30.279329164835,58.275892535016,1 30.539199189939,53.634545819124,1 31.1254453553496,50.6305833285976,1 31.857305183646,47.769394870526,1 33.282084511836,44.270240414272,1 35.2050397477276,40.9138301122501,1 37.270129157234,37.598611824267,1 39.831981874342,34.428993480323,1 42.8272475182894,31.4615002775373,1 45.946211829977,28.552114806736,1 49.497653889006,25.847358318668,1 53.4050707829242,23.3934761544437,1 57.414180669866,21.011527103306,1 61.779166673083,18.882235519931,1 66.4093327768702,17.0429736065852,1 68.9001689055324,16.1011507046139,1 73.5398213934735,14.4676071571894,1 76.0866905212,13.822506362386,1 78.6413258346541,13.2444963745702,1 81.220875655236,12.6757869148036,1 83.9670608399846,12.1050903443936,1 86.5075632611128,11.6135733064102,1 89.0426285046258,11.159018824241,1 91.745316268453,10.884022700344,1 94.2742866933221,10.6839657012674,1 97.1418756190025,10.4796167731078,1 100.014156681729,10.3048471059519,1 102.55351138932,10.170285216546,1 105.286659898787,10.0875415113088,1 108.017837730533,10.194804164098,1 110.554192792558,10.3511887384705,1 113.422608048284,10.5504934882741,1 116.285706085851,10.7793356257267,1 118.81026742963,11.001117544512,1 121.506744197079,11.3003251193498,1 124.137706279603,11.785114348558,1 126.711393513148,12.3265978765201,1 129.296092840265,12.8852844260922,1 132.015151671359,13.5076978281804,1 134.496520211121,14.1121866733928,1 136.938869034688,14.7440089108004,1 139.345770136217,15.58508945045,1 141.543783175057,16.4186222622887,1 144.014883943849,17.3819374290522,1 148.606486885,19.261276808101,1 152.926151590067,21.430216498189,1 156.885371730822,23.8474167574873,1 160.74149641059,26.335728199062,1 164.236397427769,29.073557347362,1 167.294542385418,32.01124010828,1 170.227711885789,35.006090233093,1 172.722809244737,38.201258292553,1 174.619607633718,41.3793655919096,1 176.361878189796,44.547734968585,1 177.620752885514,47.664999646596,1 178.444216909407,50.8173393747837,1 179.144902918882,53.978994405147,1 179.421553499249,57.170781500562,1 179.271469040431,60.3498566712132,1 178.999348938915,63.524724252036,1 178.2997143777,66.682850628824,1 177.193265952231,69.763761595702,1 175.970472734452,72.822477444087,1 174.340079834756,75.803042872931,1 172.341517682966,78.6570113866924,1 170.237368522445,81.474899261849,1 167.762279552902,84.166819581855,1 164.964947183111,86.6941255027859,1 162.075234250742,89.174461669188,1 158.861100780581,91.490623952964,1 154.864425902425,93.9351701094649,1 150.608590198007,96.390527507212,1 148.158050534137,97.6572009572364,1 145.321170117744,98.793179720957,1 142.689550990328,99.7407640270008,1 139.697585426076,100.779814853935,1 136.671075147101,101.784710477423,1 133.977933514988,102.647525784775,1 131.021297998205,103.497518388661,1 127.921975679371,104.098784381424,1 125.010347708995,104.580783030914,1 121.702924987554,105.096033889637,1 118.381029994859,105.570926421018,1 115.437244660204,105.963317556254,1 112.243071232696,106.300555895307,1 109.00824974033,106.374849420143,1 106.002191237021,106.364637348139,1 102.60024639604,106.321881418387,1 99.2001777312845,106.237794338275,1 96.198334202298,106.135824081241,1 92.9761319441611,105.939790664102,1 89.818068486806,105.48264126201,1 86.9143773375949,104.980846868007,1 83.640535146606,104.382695248623,1 80.3847674033054,103.744762289728,1 77.521263355028,103.154688043478,1 74.4818395750136,102.43761173125,1 71.607090028512,101.477015690177,1 68.9957631821413,100.51402582846,1 66.0642132219447,99.3966431573224,1 63.1672859258711,98.2444353675639,1 60.627678764836,97.200904640887,1 57.9433630385765,95.9899486126851,1 55.564244233988,94.60030441894,1 53.3682502207972,93.1899094315521,1 51.2025204358992,91.7748740874321,1 49.0655154576522,90.3481070398306,1 47.02640834368,88.894688045305,1 43.447867459789,85.856042138404,1 40.6206104641052,82.8353348212587,1 37.981563474109,79.83051745502,1 35.908702635719,76.918991155372,1 34.2428197262818,73.9023793024523,1 32.692902613801,70.855622062082,1 31.547768151063,67.702932662829,1 30.9595511136776,65.1335815494246,1 30.488348470879,62.438047269159,1 30.279329164835,58.275892535016,1)"
        color="rgba(0,0,0,1)"/>
      <face
        id="52"
        frame="20"
        cycles="[14+]"
        color="rgba(0,0,0,1)"/>
      <edge
        id="14"
        frame="20"
        curve="xywdense(5 30.279329164835,58.275892535016,1 30.539199189939,53.634545819124,1 31.1254453553496,50.6305833285976,1 31.857305183646,47.769394870526,1 33.282084511836,44.270240414272,1 35.2050397477276,40.9138301122501,1 37.270129157234,37.598611824267,1 39.831981874342,34.428993480323,1 42.8272475182894,31.4615002775373,1 45.946211829977,28.552114806736,1 49.497653889006,25.847358318668,1 53.4050707829242,23.3934761544437,1 57.414180669866,21.011527103306,1 61.779166673083,18.882235519931,1 66.4093327768702,17.0429736065852,1 68.9001689055324,16.1011507046139,1 73.5398213934735,14.4676071571894,1 76.0866905212,13.822506362386,1 78.6413258346541,13.2444963745702,1 81.220875655236,12.6757869148036,1 83.9670608399846,12.1050903443936,1 86.5075632611128,11.6135733064102,1 89.0426285046258,11.159018824241,1 91.745316268453,10.884022700344,1 94.2742866933221,10.6839657012674,1 97.1418756190025,10.4796167731078,1 100.014156681729,10.3048471059519,1 102.55351138932,10.170285216546,1 105.286659898787,10.0875415113088,1 108.017837730533,10.194804164098,1 110.554192792558,10.3511887384705,1 113.422608048284,10.5504934882741,1 116.285706085851,10.7793356257267,1 118.81026742963,11.001117544512,1 121.506744197079,11.3003251193498,1 124.137706279603,11.785114348558,1 126.711393513148,12.3265978765201,1 129.296092840265,12.8852844260922,1 132.015151671359,13.5076978281804,1 134.496520211121,14.1121866733928,1 136.938869034688,14.7440089108004,1 139.345770136217,15.58508945045,1 141.543783175057,16.4186222622887,1 144.014883943849,17.3819374290522,1 148.606486885,19.261276808101,1 152.926151590067,21.430216498189,1 156.885371730822,23.8474167574873,1 160.74149641059,26.335728199062,1 164.236397427769,29.073557347362,1 167.294542385418,32.01124010828,1 170.227711885789,35.006090233093,1 172.722809244737,38.201258292553,1 174.619607633718,41.3793655919096,1 176.361878189796,44.547734968585,1 177.620752885514,47.664999646596,1 178.444216909407,50.8173393747837,1 179.144902918882,53.978994405147,1 179.421553499249,57.170781500562,1 179.271469040431,60.3498566712132,1 178.999348938915,63.524724252036,1 178.2997143777,66.682850628824,1 177.193265952231,69.763761595702,1 175.970472734452,72.822477444087,1 174.340079834756,75.803042872931,1 172.341517682966,78.6570113866924,1 170.237368522445,81.474899261849,1 167.762279552902,84.166819581855,1 164.964947183111,86.6941255027859,1 162.075234250742,89.174461669188,1 158.861100780581,91.490623952964,1 154.864425902425,93.9351701094649,1 150.608590198007,96.390527507212,1 148.158050534137,97.6572009572364,1 145.321170117744,98.793179720957,1 142.689550990328,99.7407640270008,1 139.697585426076,100.779814853935,1 136.671075147101,101.784710477423,1 133.977933514988,102.647525784775,1 131.021297998205,103.497518388661,1 127.921975679371,104.098784381424,1 125.010347708995,104.580783030914,1 121.702924987554,105.096033889637,1 118.381029994859,105.570926421018,1 115.437244660204,105.963317556254,1 112.243071232696,106.300555895307,1 109.00824974033,106.374849420143,1 106.002191237021,106.364637348139,1 102.60024639604,106.321881418387,1 99.2001777312845,106.237794338275,1 96.198334202298,106.135824081241,1 92.9761319441611,105.939790664102,1 89.818068486806,105.48264126201,1 86.9143773375949,104.980846868007,1 83.640535146606,104.382695248623,1 80.3847674033054,103.744762289728,1 77.521263355028,103.154688043478,1 74.4818395750136,102.43761173125,1 71.607090028512,101.477015690177,1 68.9957631821413,100.51402582846,1 66.0642132219447,99.3966431573224,1 63.1672859258711,98.2444353675639,1 60.627678764836,97.200904640887,1 57.9433630385765,95.9899486126851,1 55.564244233988,94.60030441894,1 53.3682502207972,93.1899094315521,1 51.2025204358992,91.7748740874321,1 49.0655154576522,90.3481070398306,1 47.02640834368,88.894688045305,1 43.447867459789,85.856042138404,1 40.6206104641052,82.8353348212587,1 37.981563474109,79.83051745502,1 35.908702635719,76.918991155372,1 34.2428197262818,73.9023793024523,1 32.692902613801,70.855622062082,1 31.547768151063,67.702932662829,1 30.9595511136776,65.1335815494246,1 30.488348470879,62.438047269159,1 30.279329164835,58.275892535016,1)"
        color="rgba(0,0,0,1)"/>
      <face
        id="53"
        frame="21"
        cycles="[15+]"
        color="rgba(0,0,0,1)"/>
      <edge
        id="15"
        frame="21"
        curve="xywdense(5 167.290646887069,58.275892535016,1 167.055801918054,60.6534682603518,1 166.890760320454,63.3975409992309,1 167.279329164835,68.275892535016,1 170.483338446983,68.5908890726679,1 173.41711432586,68.275892535016,1 172.636143589124,70.547592252641,1 171.243929377461,73.235947932586,1 169.287757456921,76.254199093494,1 166.873105562442,79.1374812566773,1 164.327490145843,81.982027238315,1 161.323610048343,84.690388946858,1 157.921826045365,87.1947421783065,1 154.406447418756,89.64073896513,1 150.493810332206,91.882249116673,1 146.269449906353,93.8634631122507,1 141.956103425812,95.770285747607,1 137.331577901751,97.416665017378,1 134.788095055558,98.1501225728593,1 132.48917146369,98.7696124732338,1 129.907222603436,99.4412214131738,1 125.099537610162,100.591631285179,1 122.506314294568,100.982307294001,1 119.920157759138,101.306150586933,1 117.311929484308,101.618530245458,1 114.542132253513,101.917497179024,1 111.986197011621,102.159223596511,1 109.443058169178,102.365712331586,1 106.77563213398,102.382777805845,1 104.139048666144,102.335807845794,1 101.485069623694,102.27458269342,1 98.6784789915876,102.177606629088,1 96.1008857670553,102.054703137424,1 93.5484369042374,101.899241776224,1 90.943001165846,101.5418027556,1 88.3906294671599,101.126577304903,1 85.826430077633,100.695075969858,1 83.1263728125149,100.207429874446,1 78.2273521634932,99.2175428168956,1 75.81700951577,98.505051183504,1 71.1358691599995,96.9661217273839,1 66.526897491074,95.345512660519,1 62.170762320395,93.439066976407,1 58.1640048644189,91.2935658182344,1 54.25715452502,89.079796889032,1 50.700276286958,86.627209036681,1 47.5694862285184,83.9973335517926,1 44.560521094047,81.316912347952,1 41.978242247731,78.459958743984,1 39.8702656998456,75.4966448479431,1 37.897749049684,72.503137938727,1 36.399149385158,69.404640229358,1 35.4672656967522,66.4858735544047,1 34.673442766237,63.62036069566,1 34.279329164835,60.94789351596,1 34.279329164835,58.275892535016,1 34.599266521204,53.460339062043,1 35.2650955530988,50.6261040498696,1 36.059558255725,48.016126032561,1 37.408564977946,44.994628518507,1 39.2070427387553,42.0646488649814,1 41.134013088109,39.160983963864,1 43.510960518686,36.350004469075,1 46.2980552786398,33.6961483597644,1 49.2022670716,31.0872913252,1 52.516150766228,28.63630442838,1 56.1736423911529,26.4012571018643,1 59.929231948367,24.227942432964,1 64.027899101308,22.270816797067,1 68.3842471159887,20.5753760406279,1 72.814155825846,18.954714686132,1 77.501308540199,17.59582426578,1 82.3472863472808,16.5295776607175,1 87.238586079607,15.546949316059,1 89.7333288203391,15.1161462315838,1 92.288314195916,14.857004978939,1 94.8293346483551,14.6602596425097,1 97.3904626445513,14.4751947497539,1 100.106308370186,14.3094970464961,1 105.092711008823,14.1006171796658,1 107.676634697563,14.195801653088,1 110.225198097229,14.3498443052728,1 112.789314101578,14.5180051925233,1 115.497658627784,14.7261355464715,1 120.437009581676,15.2014909467084,1 122.925509248323,15.646121724188,1 127.802588696849,16.6558149571417,1 132.633150640103,17.748853327901,1 137.300702578512,19.133578975575,1 141.707243860351,20.7785071970364,1 146.039147857777,22.497766262973,1 150.109601520881,24.477138666449,1 153.833860195891,26.6705650606261,1 157.459129707171,28.925112358241,1 160.737670060428,31.393451989219,1 163.604350303135,34.0170920543936,1 166.353290507985,36.68499304617,1 168.689910558394,39.507420089962,1 170.160171663017,41.8719627944387,1 171.56226665539,44.36061448633,1 173.353557807799,48.175913429438,1 170.734382792837,48.0226051117643,1 167.836971719291,48.077581032538,1 167.271253267439,50.6390739815533,1 167.402374403024,53.559153883225,1 167.460505014008,56.329517107577,1 167.290646887069,58.275892535016,1)"
        color="rgba(0,0,0,1)"/>
      <face
        id="54"
        frame="22"
        cycles="[16+]"
        color="rgba(0,0,0,1)"/>
      <edge
        id="16"
        frame="22"
        curve="xywdense(5 167.290646887069,58.275892535016,1 167.055801918054,60.6534682603518,1 166.890760320454,63.3975409992309,1 167.279329164835,68.275892535016,1 170.483338446983,68.5908890726679,1 173.41711432586,68.275892535016,1 172.636143589124,70.547592252641,1 171.243929377461,73.235947932586,1 169.287757456921,76.254199093494,1 166.873105562442,79.1374812566773,1 164.327490145843,81.982027238315,1 161.323610048343,84.690388946858,1 157.921826045365,87.1947421783065,1 154.406447418756,89.64073896513,1 150.493810332206,91.882249116673,1 146.269449906353,93.8634631122507,1 141.956103425812,95.770285747607,1 137.331577901751,97.416665017378,1 134.788095055558,98.1501225728593,1 132.48917146369,98.7696124732338,1 129.907222603436,99.4412214131738,1 125.099537610162,100.591631285179,1 122.506314294568,100.982307294001,1 119.920157759138,101.306150586933,1 117.311929484308,101.618530245458,1 114.542132253513,101.917497179024,1 111.986197011621,102.159223596511,1 109.443058169178,102.365712331586,1 106.77563213398,102.382777805845,1 104.139048666144,102.335807845794,1 101.485069623694,102.27458269342,1 98.6784789915876,102.177606629088,1 96.1008857670553,102.054703137424,1 93.5484369042374,101.899241776224,1 90.943001165846,101.5418027556,1 88.3906294671599,101.126577304903,1 85.826430077633,100.695075969858,1 83.1263728125149,100.207429874446,1 78.2273521634932,99.2175428168956,1 75.81700951577,98.505051183504,1 71.1358691599995,96.9661217273839,1 66.526897491074,95.345512660519,1 62.170762320395,93.439066976407,1 58.1640048644189,91.2935658182344,1 54.25715452502,89.079796889032,1 50.700276286958,86.627209036681,1 47.5694862285184,83.9973335517926,1 44.560521094047,81.316912347952,1 41.978242247731,78.459958743984,1 39.8702656998456,75.4966448479431,1 37.897749049684,72.503137938727,1 36.399149385158,69.404640229358,1 35.4672656967522,66.4858735544047,1 34.673442766237,63.62036069566,1 34.279329164835,60.94789351596,1 34.279329164835,58.275892535016,1 34.599266521204,53.460339062043,1 35.2650955530988,50.6261040498696,1 36.059558255725,48.016126032561,1 37.408564977946,44.994628518507,1 39.2070427387553,42.0646488649814,1 41.134013088109,39.160983963864,1 43.510960518686,36.350004469075,1 46.2980552786398,33.6961483597644,1 49.2022670716,31.0872913252,1 52.516150766228,28.63630442838,1 56.1736423911529,26.4012571018643,1 59.929231948367,24.227942432964,1 64.027899101308,22.270816797067,1 68.3842471159887,20.5753760406279,1 72.814155825846,18.954714686132,1 77.501308540199,17.59582426578,1 82.3472863472808,16.5295776607175,1 87.238586079607,15.546949316059,1 89.7333288203391,15.1161462315838,1 92.288314195916,14.857004978939,1 94.8293346483551,14.6602596425097,1 97.3904626445513,14.4751947497539,1 100.106308370186,14.3094970464961,1 105.092711008823,14.1006171796658,1 107.676634697563,14.195801653088,1 110.225198097229,14.3498443052728,1 112.789314101578,14.5180051925233,1 115.497658627784,14.7261355464715,1 120.437009581676,15.2014909467084,1 122.925509248323,15.646121724188,1 127.802588696849,16.6558149571417,1 132.633150640103,17.748853327901,1 137.300702578512,19.133578975575,1 141.707243860351,20.7785071970364,1 146.039147857777,22.497766262973,1 150.109601520881,24.477138666449,1 153.833860195891,26.6705650606261,1 157.459129707171,28.925112358241,1 160.737670060428,31.393451989219,1 163.604350303135,34.0170920543936,1 166.353290507985,36.68499304617,1 168.689910558394,39.507420089962,1 170.160171663017,41.8719627944387,1 171.56226665539,44.36061448633,1 173.353557807799,48.175913429438,1 170.734382792837,48.0226051117643,1 167.836971719291,48.077581032538,1 167.271253267439,50.6390739815533,1 167.402374403024,53.559153883225,1 167.460505014008,56.329517107577,1 167.290646887069,58.275892535016,1)"
        color="rgba(0,0,0,1)"/>
      <face
        id="55"
        frame="23"
        cycles="[17+]"
        color="rgba(0,0,0,1)"/>
      <edge
        id="17"
        frame="23"
        curve="xywdense(5 167.290646887069,58.275892535016,1 167.055801918054,60.6534682603518,1 166.890760320454,63.3975409992309,1 167.279329164835,68.275892535016,1 170.483338446983,68.5908890726679,1 173.41711432586,68.275892535016,1 172.636143589124,70.547592252641,1 171.243929377461,73.235947932586,1 169.287757456921,76.254199093494,1 166.873105562442,79.1374812566773,1 164.327490145843,81.982027238315,1 161.323610048343,84.690388946858,1 157.921826045365,87.1947421783065,1 154.406447418756,89.64073896513,1 150.493810332206,91.882249116673,1 146.269449906353,93.8634631122507,1 141.956103425812,95.770285747607,1 137.331577901751,97.416665017378,1 134.788095055558,98.1501225728593,1 132.48917146369,98.7696124732338,1 129.907222603436,99.4412214131738,1 125.099537610162,100.591631285179,1 122.506314294568,100.982307294001,1 119.920157759138,101.306150586933,1 117.311929484308,101.618530245458,1 114.542132253513,101.917497179024,1 111.986197011621,102.159223596511,1 109.443058169178,102.365712331586,1 106.77563213398,102.382777805845,1 104.139048666144,102.335807845794,1 101.485069623694,102.27458269342,1 98.6784789915876,102.177606629088,1 96.1008857670553,102.054703137424,1 93.5484369042374,101.899241776224,1 90.943001165846,101.5418027556,1 88.3906294671599,101.126577304903,1 85.826430077633,100.695075969858,1 83.1263728125149,100.207429874446,1 78.2273521634932,99.2175428168956,1 75.81700951577,98.505051183504,1 71.1358691599995,96.9661217273839,1 66.526897491074,95.345512660519,1 62.170762320395,93.439066976407,1 58.1640048644189,91.2935658182344,1 54.25715452502,89.079796889032,1 50.700276286958,86.627209036681,1 47.5694862285184,83.9973335517926,1 44.560521094047,81.316912347952,1 41.978242247731,78.459958743984,1 39.8702656998456,75.4966448479431,1 37.897749049684,72.503137938727,1 36.399149385158,69.404640229358,1 35.4672656967522,66.4858735544047,1 34.673442766237,63.62036069566,1 34.279329164835,60.94789351596,1 34.279329164835,58.275892535016,1 34.599266521204,53.460339062043,1 35.2650955530988,50.6261040498696,1 36.059558255725,48.016126032561,1 37.408564977946,44.994628518507,1 39.2070427387553,42.0646488649814,1 41.134013088109,39.160983963864,1 43.510960518686,36.350004469075,1 46.2980552786398,33.6961483597644,1 49.2022670716,31.0872913252,1 52.516150766228,28.63630442838,1 56.1736423911529,26.4012571018643,1 59.929231948367,24.227942432964,1 64.027899101308,22.270816797067,1 68.3842471159887,20.5753760406279,1 72.814155825846,18.954714686132,1 77.501308540199,17.59582426578,1 82.3472863472808,16.5295776607175,1 87.238586079607,15.546949316059,1 89.7333288203391,15.1161462315838,1 92.288314195916,14.857004978939,1 94.8293346483551,14.6602596425097,1 97.3904626445513,14.4751947497539,1 100.106308370186,14.3094970464961,1 105.092711008823,14.1006171796658,1 107.676634697563,14.195801653088,1 110.225198097229,14.3498443052728,1 112.789314101578,14.5180051925233,1 115.497658627784,14.7261355464715,1 120.437009581676,15.2014909467084,1 122.925509248323,15.646121724188,1 127.802588696849,16.6558149571417,1 132.633150640103,17.748853327901,1 137.300702578512,19.133578975575,1 141.707243860351,20.7785071970364,1 146.039147857777,22.497766262973,1 150.109601520881,24.477138666449,1 153.833860195891,26.6705650606261,1 157.459129707171,28.925112358241,1 160.737670060428,31.393451989219,1 163.604350303135,34.0170920543936,1 166.353290507985,36.68499304617,1 168.689910558394,39.507420089962,1 170.160171663017,41.8719627944387,1 171.56226665539,44.36061448633,1 173.353557807799,48.175913429438,1 170.734382792837,48.0226051117643,1 167.836971719291,48.077581032538,1 167.271253267439,50.6390739815533,1 167.402374403024,53.559153883225,1 167.460505014008,56.329517107577,1 167.290646887069,58.275892535016,1)"
        color="rgba(0,0,0,1)"/>
      <face
        id="56"
        frame="24"
        cycles="[18+]"
        color="rgba(0,0,0,1)"/>
      <edge
        id="18"
        frame="24"
        curve="xywdense(5 167.290646887069,58.275892535016,1 167.055801918054,60.6534682603518,1 166.890760320454,63.3975409992309,1 167.279329164835,68.275892535016,1 170.483338446983,68.5908890726679,1 173.41711432586,68.275892535016,1 172.636143589124,70.547592252641,1 171.243929377461,73.235947932586,1 169.287757456921,76.254199093494,1 166.873105562442,79.1374812566773,1 164.327490145843,81.982027238315,1 161.323610048343,84.690388946858,1 157.921826045365,87.1947421783065,1 154.406447418756,89.64073896513,1 150.493810332206,91.882249116673,1 146.269449906353,93.8634631122507,1 141.956103425812,95.770285747607,1 137.331577901751,97.416665017378,1 134.788095055558,98.1501225728593,1 132.48917146369,98.7696124732338,1 129.907222603436,99.4412214131738,1 125.099537610162,100.591631285179,1 122.506314294568,100.982307294001,1 119.920157759138,101.306150586933,1 117.311929484308,101.618530245458,1 114.542132253513,101.917497179024,1 111.986197011621,102.159223596511,1 109.443058169178,102.365712331586,1 106.77563213398,102.382777805845,1 104.139048666144,102.335807845794,1 101.485069623694,102.27458269342,1 98.6784789915876,102.177606629088,1 96.1008857670553,102.054703137424,1 93.5484369042374,101.899241776224,1 90.943001165846,101.5418027556,1 88.3906294671599,101.126577304903,1 85.826430077633,100.695075969858,1 83.1263728125149,100.207429874446,1 78.2273521634932,99.2175428168956,1 75.81700951577,98.505051183504,1 71.1358691599995,96.9661217273839,1 66.526897491074,95.345512660519,1 62.170762320395,93.439066976407,1 58.1640048644189,91.2935658182344,1 54.25715452502,89.079796889032,1 50.700276286958,86.627209036681,1 47.5694862285184,83.9973335517926,1 44.560521094047,81.316912347952,1 41.978242247731,78.459958743984,1 39.8702656998456,75.4966448479431,1 37.897749049684,72.503137938727,1 36.399149385158,69.404640229358,1 35.4672656967522,66.4858735544047,1 34.673442766237,63.62036069566,1 34.279329164835,60.94789351596,1 34.279329164835,58.275892535016,1 34.599266521204,53.460339062043,1 35.2650955530988,50.6261040498696,1 36.059558255725,48.016126032561,1 37.408564977946,44.994628518507,1 39.2070427387553,42.0646488649814,1 41.134013088109,39.160983963864,1 43.510960518686,36.350004469075,1 46.2980552786398,33.6961483597644,1 49.2022670716,31.0872913252,1 52.516150766228,28.63630442838,1 56.1736423911529,26.4012571018643,1 59.929231948367,24.227942432964,1 64.027899101308,22.270816797067,1 68.3842471159887,20.5753760406279,1 72.814155825846,18.954714686132,1 77.501308540199,17.59582426578,1 82.3472863472808,16.5295776607175,1 87.238586079607,15.546949316059,1 89.7333288203391,15.1161462315838,1 92.288314195916,14.857004978939,1 94.8293346483551,14.6602596425097,1 97.3904626445513,14.4751947497539,1 100.106308370186,14.3094970464961,1 105.092711008823,14.1006171796658,1 107.676634697563,14.195801653088,1 110.225198097229,14.3498443052728,1 112.789314101578,14.5180051925233,1 115.497658627784,14.7261355464715,1 120.437009581676,15.2014909467084,1 122.925509248323,15.646121724188,1 127.802588696849,16.6558149571417,1 132.633150640103,17.748853327901,1 137.300702578512,19.133578975575,1 141.707243860351,20.7785071970364,1 146.039147857777,22.497766262973,1 150.109601520881,24.477138666449,1 153.833860195891,26.6705650606261,1 157.459129707171,28.925112358241,1 160.737670060428,31.393451989219,1 163.604350303135,34.0170920543936,1 166.353290507985,36.68499304617,1 168.689910558394,39.507420089962,1 170.160171663017,41.8719627944387,1 171.56226665539,44.36061448633,1 173.353557807799,48.175913429438,1 170.734382792837,48.0226051117643,1 167.836971719291,48.077581032538,1 167.271253267439,50.6390739815533,1 167.402374403024,53.559153883225,1 167.460505014008,56.329517107577,1 167.290646887069,58.275892535016,1)"
        color="rgba(0,0,0,1)"/>
      <face
        id="57"
        frame="25"
        cycles="[19+]"
        color="rgba(0,0,0,1)"/>
      <edge
        id="19"
        frame="25"
        curve="xywdense(5 167.290646887069,58.275892535016,1 167.055801918054,60.6534682603518,1 166.890760320454,63.3975409992309,1 167.279329164835,68.275892535016,1 170.483338446983,68.5908890726679,1 173.41711432586,68.275892535016,1 172.636143589124,70.547592252641,1 171.243929377461,73.235947932586,1 169.287757456921,76.254199093494,1 166.873105562442,79.1374812566773,1 164.327490145843,81.982027238315,1 161.323610048343,84.690388946858,1 157.921826045365,87.1947421783065,1 154.406447418756,89.64073896513,1 150.493810332206,91.882249116673,1 146.269449906353,93.8634631122507,1 141.956103425812,95.770285747607,1 137.331577901751,97.416665017378,1 134.788095055558,98.1501225728593,1 132.48917146369,98.7696124732338,1 129.907222603436,99.4412214131738,1 125.099537610162,100.591631285179,1 122.506314294568,100.982307294001,1 119.920157759138,101.306150586933,1 117.311929484308,101.618530245458,1 114.542132253513,101.917497179024,1 111.986197011621,102.159223596511,1 109.443058169178,102.365712331586,1 106.77563213398,102.382777805845,1 104.139048666144,102.335807845794,1 101.485069623694,102.27458269342,1 98.6784789915876,102.177606629088,1 96.1008857670553,102.054703137424,1 93.5484369042374,101.899241776224,1 90.943001165846,101.5418027556,1 88.3906294671599,101.126577304903,1 85.826430077633,100.695075969858,1 83.1263728125149,100.207429874446,1 78.2273521634932,99.2175428168956,1 75.81700951577,98.505051183504,1 71.1358691599995,96.9661217273839,1 66.526897491074,95.345512660519,1 62.170762320395,93.439066976407,1 58.1640048644189,91.2935658182344,1 54.25715452502,89.079796889032,1 50.700276286958,86.627209036681,1 47.5694862285184,83.9973335517926,1 44.560521094047,81.316912347952,1 41.978242247731,78.459958743984,1 39.8702656998456,75.4966448479431,1 37.897749049684,72.503137938727,1 36.399149385158,69.404640229358,1 35.4672656967522,66.4858735544047,1 34.673442766237,63.62036069566,1 34.279329164835,60.94789351596,1 34.279329164835,58.275892535016,1 34.599266521204,53.460339062043,1 35.2650955530988,50.6261040498696,1 36.059558255725,48.016126032561,1 37.408564977946,44.994628518507,1 39.2070427387553,42.0646488649814,1 41.134013088109,39.160983963864,1 43.510960518686,36.350004469075,1 46.2980552786398,33.6961483597644,1 49.2022670716,31.0872913252,1 52.516150766228,28.63630442838,1 56.1736423911529,26.4012571018643,1 59.929231948367,24.227942432964,1 64.027899101308,22.270816797067,1 68.3842471159887,20.5753760406279,1 72.814155825846,18.954714686132,1 77.501308540199,17.59582426578,1 82.3472863472808,16.5295776607175,1 87.238586079607,15.546949316059,1 89.7333288203391,15.1161462315838,1 92.288314195916,14.857004978939,1 94.8293346483551,14.6602596425097,1 97.3904626445513,14.4751947497539,1 100.106308370186,14.3094970464961,1 105.092711008823,14.1006171796658,1 107.676634697563,14.195801653088,1 110.225198097229,14.3498443052728,1 112.789314101578,14.5180051925233,1 115.497658627784,14.7261355464715,1 120.437009581676,15.2014909467084,1 122.925509248323,15.646121724188,1 127.802588696849,16.6558149571417,1 132.633150640103,17.748853327901,1 137.300702578512,19.133578975575,1 141.707243860351,20.7785071970364,1 146.039147857777,22.497766262973,1 150.109601520881,24.477138666449,1 153.833860195891,26.6705650606261,1 157.459129707171,28.925112358241,1 160.737670060428,31.393451989219,1 163.604350303135,34.0170920543936,1 166.353290507985,36.68499304617,1 168.689910558394,39.507420089962,1 170.160171663017,41.8719627944387,1 171.56226665539,44.36061448633,1 173.353557807799,48.175913429438,1 170.734382792837,48.0226051117643,1 167.836971719291,48.077581032538,1 167.271253267439,50.6390739815533,1 167.402374403024,53.559153883225,1 167.460505014008,56.329517107577,1 167.290646887069,58.275892535016,1)"
        color="rgba(0,0,0,1)"/>
      <face
        id="58"
        frame="26"
        cycles="[20+]"
        color="rgba(0,0,0,1)"/>
      <edge
        id="20"
        frame="26"
        curve="xywdense(5 167.290646887069,58.275892535016,1 167.055801918054,60.6534682603518,1 166.890760320454,63.3975409992309,1 167.279329164835,68.275892535016,1 170.483338446983,68.5908890726679,1 173.41711432586,68.275892535016,1 172.636143589124,70.547592252641,1 171.243929377461,73.235947932586,1 169.287757456921,76.254199093494,1 166.873105562442,79.1374812566773,1 164.327490145843,81.982027238315,1 161.323610048343,84.690388946858,1 157.921826045365,87.1947421783065,1 154.406447418756,89.64073896513,1 150.493810332206,91.882249116673,1 146.269449906353,93.8634631122507,1 141.956103425812,95.770285747607,1 137.331577901751,97.416665017378,1 134.788095055558,98.1501225728593,1 132.48917146369,98.7696124732338,1 129.907222603436,99.4412214131738,1 125.099537610162,100.591631285179,1 122.506314294568,100.982307294001,1 119.920157759138,101.306150586933,1 117.311929484308,101.618530245458,1 114.542132253513,101.917497179024,1 111.986197011621,102.159223596511,1 109.443058169178,102.365712331586,1 106.77563213398,102.382777805845,1 104.139048666144,102.335807845794,1 101.485069623694,102.27458269342,1 98.6784789915876,102.177606629088,1 96.1008857670553,102.054703137424,1 93.5484369042374,101.899241776224,1 90.943001165846,101.5418027556,1 88.3906294671599,101.126577304903,1 85.826430077633,100.695075969858,1 83.1263728125149,100.207429874446,1 78.2273521634932,99.2175428168956,1 75.81700951577,98.505051183504,1 71.1358691599995,96.9661217273839,1 66.526897491074,95.345512660519,1 62.170762320395,93.439066976407,1 58.1640048644189,91.2935658182344,1 54.25715452502,89.079796889032,1 50.700276286958,86.627209036681,1 47.5694862285184,83.9973335517926,1 44.560521094047,81.316912347952,1 41.978242247731,78.459958743984,1 39.8702656998456,75.4966448479431,1 37.897749049684,72.503137938727,1 36.399149385158,69.404640229358,1 35.4672656967522,66.4858735544047,1 34.673442766237,63.62036069566,1 34.279329164835,60.94789351596,1 34.279329164835,58.275892535016,1 34.599266521204,53.460339062043,1 35.2650955530988,50.6261040498696,1 36.059558255725,48.016126032561,1 37.408564977946,44.994628518507,1 39.2070427387553,42.0646488649814,1 41.134013088109,39.160983963864,1 43.510960518686,36.350004469075,1 46.2980552786398,33.6961483597644,1 49.2022670716,31.0872913252,1 52.516150766228,28.63630442838,1 56.1736423911529,26.4012571018643,1 59.929231948367,24.227942432964,1 64.027899101308,22.270816797067,1 68.3842471159887,20.5753760406279,1 72.814155825846,18.954714686132,1 77.501308540199,17.59582426578,1 82.3472863472808,16.5295776607175,1 87.238586079607,15.546949316059,1 89.7333288203391,15.1161462315838,1 92.288314195916,14.857004978939,1 94.8293346483551,14.6602596425097,1 97.3904626445513,14.4751947497539,1 100.106308370186,14.3094970464961,1 105.092711008823,14.1006171796658,1 107.676634697563,14.195801653088,1 110.225198097229,14.3498443052728,1 112.789314101578,14.5180051925233,1 115.497658627784,14.7261355464715,1 120.437009581676,15.2014909467084,1 122.925509248323,15.646121724188,1 127.802588696849,16.6558149571417,1 132.633150640103,17.748853327901,1 137.300702578512,19.133578975575,1 141.707243860351,20.7785071970364,1 146.039147857777,22.497766262973,1 150.109601520881,24.477138666449,1 153.833860195891,26.6705650606261,1 157.459129707171,28.925112358241,1 160.737670060428,31.393451989219,1 163.604350303135,34.0170920543936,1 166.353290507985,36.68499304617,1 168.689910558394,39.507420089962,1 170.160171663017,41.8719627944387,1 171.56226665539,44.36061448633,1 173.353557807799,48.175913429438,1 170.734382792837,48.0226051117643,1 167.836971719291,48.077581032538,1 167.271253267439,50.6390739815533,1 167.402374403024,53.559153883225,1 167.460505014008,56.329517107577,1 167.290646887069,58.275892535016,1)"
        color="rgba(0,0,0,1)"/>
      <face
        id="36"
        frame="1"
        cycles="[21+]"
        color="rgba(0,0,0,1)"/>
      <edge
        id="21"
        frame="1"
        curve="xywdense(5 150.93251136226,63.275892535016,1 153.783123200584,63.8199046507,1 156.359170110463,66.707356365203,1 156.360845585699,69.2417597063491,1 155.364577143656,71.923080802369,1 153.042737231287,73.9727677528895,1 149.95707271531,75.985874555862,1 146.782639512225,78.4702469391065,1 142.851882919645,80.908957812644,1 140.299534417463,81.9361228439673,1 137.47800392113,82.8748946241409,1 134.492595750255,83.757438375073,1 131.39379137534,84.606459488481,1 128.279679372248,85.4791631501407,1 125.112742744501,86.3042151997857,1 121.88765558547,87.0417089225846,1 118.605933201469,87.654567168009,1 115.240320415431,88.0757001222482,1 111.871802770866,88.3552390603189,1 108.548223288086,88.5237735398512,1 105.341754359624,88.572838899194,1 102.369875587327,88.4939850844422,1 99.5445083635697,88.3177578299879,1 96.8206114769091,88.0625860232739,1 94.186552340637,87.756370151243,1 91.6043652842257,87.4438633475374,1 89.1080083476903,87.092936559502,1 84.436693283765,86.224189006118,1 80.2927735329506,85.0158188726069,1 76.539322696949,83.765208565023,1 73.0281626837786,82.8387587235738,1 69.913214958579,81.895106027316,1 67.3834252762711,80.6049567032532,1 65.18554267553,79.298502747752,1 61.214691589694,77.297963158538,1 58.397993831422,74.952787440168,1 56.049707971039,73.158680212942,1 53.858518842269,69.264866674976,1 54.645495681948,65.230200944026,1 57.0065660077851,63.8769628247234,1 60.193983452273,63.060607173889,1 63.6237205929683,63.0669665016966,1 67.591737241159,63.321001190684,1 72.2806058082268,63.2316572980646,1 74.8123976102755,63.1714203100865,1 77.446461071447,63.132810309985,1 80.1661851005451,63.1621748007567,1 82.9535029114976,63.2164823203783,1 85.7921020854605,63.2730162016902,1 88.660108429553,63.317179563098,1 91.5311124966472,63.3181206209262,1 94.4024076306395,63.3018874142584,1 97.2692239734915,63.2823640520886,1 100.11134168388,63.26519054101,1 102.902879130774,63.2640487665045,1 105.656051825259,63.2686972008992,1 108.377591456012,63.2737756717358,1 111.058067859218,63.278321998853,1 113.68545376722,63.278691643024,1 116.274272180223,63.2775715089875,1 118.83067225478,63.2763643499521,1 121.367748254191,63.275278081282,1 123.910440838785,63.27520735095,1 126.429359974032,63.2754947143393,1 131.332648453233,63.276066036405,1 136.06627024566,63.2760098676039,1 140.375742923081,63.275859630901,1 143.977723644435,63.2758645932486,1 146.947450202081,63.27589504281,1 150.93251136226,63.275892535016,1)"
        color="rgba(0,0,0,1)"/>
      <face
        id="35"
        frame="1"
        cycles="[22+]"
        color="rgba(0,0,0,1)"/>
      <edge
        id="22"
        frame="1"
        curve="xywdense(5 150.93251136226,53.275892535016,1 153.783123200584,52.731880419332,1 156.359170110463,49.844428704829,1 156.360845585699,47.3100253636829,1 155.364577143656,44.628704267663,1 153.042737231287,42.5790173171425,1 149.95707271531,40.56591051417,1 146.782639512225,38.0815381309254,1 142.851882919645,35.642827257388,1 140.299534417463,34.615662226065,1 137.47800392113,33.6768904458917,1 134.492595750255,32.7943466949599,1 131.39379137534,31.945325581552,1 128.279679372248,31.0726219198922,1 125.112742744501,30.2475698702468,1 121.88765558547,29.5100761474477,1 118.605933201469,28.897217902023,1 115.240320415431,28.4760849477837,1 111.871802770866,28.196546009713,1 108.548223288086,28.0280115301807,1 105.341754359624,27.978946170838,1 102.369875587327,28.0577999855898,1 99.5445083635697,28.2340272400441,1 96.8206114769091,28.4891990467581,1 94.186552340637,28.795414918789,1 91.6043652842257,29.1079217224946,1 89.1080083476903,29.45884851053,1 84.436693283765,30.327596063914,1 80.2927735329506,31.5359661974251,1 76.539322696949,32.786576505009,1 73.0281626837786,33.7130263464582,1 69.913214958579,34.656679042716,1 67.3834252762711,35.9468283667788,1 65.18554267553,37.25328232228,1 61.214691589694,39.253821911494,1 58.397993831422,41.598997629864,1 56.049707971039,43.393104857091,1 53.858518842269,47.286918395056,1 54.645495681948,51.321584126006,1 57.0065660077851,52.6748222453086,1 60.193983452273,53.491177896143,1 63.6237205929683,53.4848185683354,1 67.591737241159,53.230783879348,1 72.2806058082268,53.3201277719674,1 74.8123976102755,53.3803647599455,1 77.446461071447,53.418974760047,1 80.1661851005451,53.3896102692753,1 82.9535029114976,53.3353027496537,1 85.7921020854605,53.2787688683418,1 88.660108429553,53.234605506934,1 91.5311124966472,53.2336644491058,1 94.4024076306395,53.2498976557736,1 97.2692239734915,53.2694210179434,1 100.11134168388,53.286594529022,1 102.902879130774,53.2877363035275,1 105.656051825259,53.2830878691328,1 108.377591456012,53.2780093982962,1 111.058067859218,53.273463071179,1 113.68545376722,53.273093427008,1 116.274272180223,53.2742135610444,1 118.83067225478,53.2754207200799,1 121.367748254191,53.27650698875,1 123.910440838785,53.2765777190823,1 126.429359974032,53.2762903556932,1 131.332648453233,53.275719033628,1 136.06627024566,53.2757752024287,1 140.375742923081,53.275925439131,1 143.977723644435,53.2759204767833,1 146.947450202081,53.275890027222,1 150.93251136226,53.275892535016,1)"
        color="rgba(0,0,0,1)"/>
      <face
        id="38"
        frame="2"
        cycles="[23+]"
        color="rgba(0,0,0,1)"/>
      <edge
        id="23"
        frame="2"
        curve="xywdense(5 150.93251136226,63.275892535016,1 153.783123200584,63.8199046507,1 156.359170110463,66.707356365203,1 156.360845585699,69.2417597063491,1 155.364577143656,71.923080802369,1 153.042737231287,73.9727677528895,1 149.95707271531,75.985874555862,1 146.782639512225,78.4702469391065,1 142.851882919645,80.908957812644,1 140.299534417463,81.9361228439673,1 137.47800392113,82.8748946241409,1 134.492595750255,83.757438375073,1 131.39379137534,84.606459488481,1 128.279679372248,85.4791631501407,1 125.112742744501,86.3042151997857,1 121.88765558547,87.0417089225846,1 118.605933201469,87.654567168009,1 115.240320415431,88.0757001222482,1 111.871802770866,88.3552390603189,1 108.548223288086,88.5237735398512,1 105.341754359624,88.572838899194,1 102.369875587327,88.4939850844422,1 99.5445083635697,88.3177578299879,1 96.8206114769091,88.0625860232739,1 94.186552340637,87.756370151243,1 91.6043652842257,87.4438633475374,1 89.1080083476903,87.092936559502,1 84.436693283765,86.224189006118,1 80.2927735329506,85.0158188726069,1 76.539322696949,83.765208565023,1 73.0281626837786,82.8387587235738,1 69.913214958579,81.895106027316,1 67.3834252762711,80.6049567032532,1 65.18554267553,79.298502747752,1 61.214691589694,77.297963158538,1 58.397993831422,74.952787440168,1 56.049707971039,73.158680212942,1 53.858518842269,69.264866674976,1 54.645495681948,65.230200944026,1 57.0065660077851,63.8769628247234,1 60.193983452273,63.060607173889,1 63.6237205929683,63.0669665016966,1 67.591737241159,63.321001190684,1 72.2806058082268,63.2316572980646,1 74.8123976102755,63.1714203100865,1 77.446461071447,63.132810309985,1 80.1661851005451,63.1621748007567,1 82.9535029114976,63.2164823203783,1 85.7921020854605,63.2730162016902,1 88.660108429553,63.317179563098,1 91.5311124966472,63.3181206209262,1 94.4024076306395,63.3018874142584,1 97.2692239734915,63.2823640520886,1 100.11134168388,63.26519054101,1 102.902879130774,63.2640487665045,1 105.656051825259,63.2686972008992,1 108.377591456012,63.2737756717358,1 111.058067859218,63.278321998853,1 113.68545376722,63.278691643024,1 116.274272180223,63.2775715089875,1 118.83067225478,63.2763643499521,1 121.367748254191,63.275278081282,1 123.910440838785,63.27520735095,1 126.429359974032,63.2754947143393,1 131.332648453233,63.276066036405,1 136.06627024566,63.2760098676039,1 140.375742923081,63.275859630901,1 143.977723644435,63.2758645932486,1 146.947450202081,63.27589504281,1 150.93251136226,63.275892535016,1)"
        color="rgba(0,0,0,1)"/>
      <face
        id="37"
        frame="2"
        cycles="[24+]"
        color="rgba(0,0,0,1)"/>
      <edge
        id="24"
        frame="2"
        curve="xywdense(5 150.93251136226,53.275892535016,1 153.783123200584,52.731880419332,1 156.359170110463,49.844428704829,1 156.360845585699,47.3100253636829,1 155.364577143656,44.628704267663,1 153.042737231287,42.5790173171425,1 149.95707271531,40.56591051417,1 146.782639512225,38.0815381309254,1 142.851882919645,35.642827257388,1 140.299534417463,34.615662226065,1 137.47800392113,33.6768904458917,1 134.492595750255,32.7943466949599,1 131.39379137534,31.945325581552,1 128.279679372248,31.0726219198922,1 125.112742744501,30.2475698702468,1 121.88765558547,29.5100761474477,1 118.605933201469,28.897217902023,1 115.240320415431,28.4760849477837,1 111.871802770866,28.196546009713,1 108.548223288086,28.0280115301807,1 105.341754359624,27.978946170838,1 102.369875587327,28.0577999855898,1 99.5445083635697,28.2340272400441,1 96.8206114769091,28.4891990467581,1 94.186552340637,28.795414918789,1 91.6043652842257,29.1079217224946,1 89.1080083476903,29.45884851053,1 84.436693283765,30.327596063914,1 80.2927735329506,31.5359661974251,1 76.539322696949,32.786576505009,1 73.0281626837786,33.7130263464582,1 69.913214958579,34.656679042716,1 67.3834252762711,35.9468283667788,1 65.18554267553,37.25328232228,1 61.214691589694,39.253821911494,1 58.397993831422,41.598997629864,1 56.049707971039,43.393104857091,1 53.858518842269,47.286918395056,1 54.645495681948,51.321584126006,1 57.0065660077851,52.6748222453086,1 60.193983452273,53.491177896143,1 63.6237205929683,53.4848185683354,1 67.591737241159,53.230783879348,1 72.2806058082268,53.3201277719674,1 74.8123976102755,53.3803647599455,1 77.446461071447,53.418974760047,1 80.1661851005451,53.3896102692753,1 82.9535029114976,53.3353027496537,1 85.7921020854605,53.2787688683418,1 88.660108429553,53.234605506934,1 91.5311124966472,53.2336644491058,1 94.4024076306395,53.2498976557736,1 97.2692239734915,53.2694210179434,1 100.11134168388,53.286594529022,1 102.902879130774,53.2877363035275,1 105.656051825259,53.2830878691328,1 108.377591456012,53.2780093982962,1 111.058067859218,53.273463071179,1 113.68545376722,53.273093427008,1 116.274272180223,53.2742135610444,1 118.83067225478,53.2754207200799,1 121.367748254191,53.27650698875,1 123.910440838785,53.2765777190823,1 126.429359974032,53.2762903556932,1 131.332648453233,53.275719033628,1 136.06627024566,53.2757752024287,1 140.375742923081,53.275925439131,1 143.977723644435,53.2759204767833,1 146.947450202081,53.275890027222,1 150.93251136226,53.275892535016,1)"
        color="rgba(0,0,0,1)"/>
      <face
        id="40"
        frame="3"
        cycles="[25+]"
        color="rgba(0,0,0,1)"/>
      <edge
        id="25"
        frame="3"
        curve="xywdense(5 150.93251136226,63.275892535016,1 153.783123200584,63.8199046507,1 156.359170110463,66.707356365203,1 156.360845585699,69.2417597063491,1 155.364577143656,71.923080802369,1 153.042737231287,73.9727677528895,1 149.95707271531,75.985874555862,1 146.782639512225,78.4702469391065,1 142.851882919645,80.908957812644,1 140.299534417463,81.9361228439673,1 137.47800392113,82.8748946241409,1 134.492595750255,83.757438375073,1 131.39379137534,84.606459488481,1 128.279679372248,85.4791631501407,1 125.112742744501,86.3042151997857,1 121.88765558547,87.0417089225846,1 118.605933201469,87.654567168009,1 115.240320415431,88.0757001222482,1 111.871802770866,88.3552390603189,1 108.548223288086,88.5237735398512,1 105.341754359624,88.572838899194,1 102.369875587327,88.4939850844422,1 99.5445083635697,88.3177578299879,1 96.8206114769091,88.0625860232739,1 94.186552340637,87.756370151243,1 91.6043652842257,87.4438633475374,1 89.1080083476903,87.092936559502,1 84.436693283765,86.224189006118,1 80.2927735329506,85.0158188726069,1 76.539322696949,83.765208565023,1 73.0281626837786,82.8387587235738,1 69.913214958579,81.895106027316,1 67.3834252762711,80.6049567032532,1 65.18554267553,79.298502747752,1 61.214691589694,77.297963158538,1 58.397993831422,74.952787440168,1 56.049707971039,73.158680212942,1 53.858518842269,69.264866674976,1 54.645495681948,65.230200944026,1 57.0065660077851,63.8769628247234,1 60.193983452273,63.060607173889,1 63.6237205929683,63.0669665016966,1 67.591737241159,63.321001190684,1 72.2806058082268,63.2316572980646,1 74.8123976102755,63.1714203100865,1 77.446461071447,63.132810309985,1 80.1661851005451,63.1621748007567,1 82.9535029114976,63.2164823203783,1 85.7921020854605,63.2730162016902,1 88.660108429553,63.317179563098,1 91.5311124966472,63.3181206209262,1 94.4024076306395,63.3018874142584,1 97.2692239734915,63.2823640520886,1 100.11134168388,63.26519054101,1 102.902879130774,63.2640487665045,1 105.656051825259,63.2686972008992,1 108.377591456012,63.2737756717358,1 111.058067859218,63.278321998853,1 113.68545376722,63.278691643024,1 116.274272180223,63.2775715089875,1 118.83067225478,63.2763643499521,1 121.367748254191,63.275278081282,1 123.910440838785,63.27520735095,1 126.429359974032,63.2754947143393,1 131.332648453233,63.276066036405,1 136.06627024566,63.2760098676039,1 140.375742923081,63.275859630901,1 143.977723644435,63.2758645932486,1 146.947450202081,63.27589504281,1 150.93251136226,63.275892535016,1)"
        color="rgba(0,0,0,1)"/>
      <face
        id="39"
        frame="3"
        cycles="[26+]"
        color="rgba(0,0,0,1)"/>
      <edge
        id="26"
        frame="3"
        curve="xywdense(5 150.93251136226,53.275892535016,1 153.783123200584,52.731880419332,1 156.359170110463,49.844428704829,1 156.360845585699,47.3100253636829,1 155.364577143656,44.628704267663,1 153.042737231287,42.5790173171425,1 149.95707271531,40.56591051417,1 146.782639512225,38.0815381309254,1 142.851882919645,35.642827257388,1 140.299534417463,34.615662226065,1 137.47800392113,33.6768904458917,1 134.492595750255,32.7943466949599,1 131.39379137534,31.945325581552,1 128.279679372248,31.0726219198922,1 125.112742744501,30.2475698702468,1 121.88765558547,29.5100761474477,1 118.605933201469,28.897217902023,1 115.240320415431,28.4760849477837,1 111.871802770866,28.196546009713,1 108.548223288086,28.0280115301807,1 105.341754359624,27.978946170838,1 102.369875587327,28.0577999855898,1 99.5445083635697,28.2340272400441,1 96.8206114769091,28.4891990467581,1 94.186552340637,28.795414918789,1 91.6043652842257,29.1079217224946,1 89.1080083476903,29.45884851053,1 84.436693283765,30.327596063914,1 80.2927735329506,31.5359661974251,1 76.539322696949,32.786576505009,1 73.0281626837786,33.7130263464582,1 69.913214958579,34.656679042716,1 67.3834252762711,35.9468283667788,1 65.18554267553,37.25328232228,1 61.214691589694,39.253821911494,1 58.397993831422,41.598997629864,1 56.049707971039,43.393104857091,1 53.858518842269,47.286918395056,1 54.645495681948,51.321584126006,1 57.0065660077851,52.6748222453086,1 60.193983452273,53.491177896143,1 63.6237205929683,53.4848185683354,1 67.591737241159,53.230783879348,1 72.2806058082268,53.3201277719674,1 74.8123976102755,53.3803647599455,1 77.446461071447,53.418974760047,1 80.1661851005451,53.3896102692753,1 82.9535029114976,53.3353027496537,1 85.7921020854605,53.2787688683418,1 88.660108429553,53.234605506934,1 91.5311124966472,53.2336644491058,1 94.4024076306395,53.2498976557736,1 97.2692239734915,53.2694210179434,1 100.11134168388,53.286594529022,1 102.902879130774,53.2877363035275,1 105.656051825259,53.2830878691328,1 108.377591456012,53.2780093982962,1 111.058067859218,53.273463071179,1 113.68545376722,53.273093427008,1 116.274272180223,53.2742135610444,1 118.83067225478,53.2754207200799,1 121.367748254191,53.27650698875,1 123.910440838785,53.2765777190823,1 126.429359974032,53.2762903556932,1 131.332648453233,53.275719033628,1 136.06627024566,53.2757752024287,1 140.375742923081,53.275925439131,1 143.977723644435,53.2759204767833,1 146.947450202081,53.275890027222,1 150.93251136226,53.275892535016,1)"
        color="rgba(0,0,0,1)"/>
      <face
        id="42"
        frame="4"
        cycles="[27+]"
        color="rgba(0,0,0,1)"/>
      <edge
        id="27"
        frame="4"
        curve="xywdense(5 150.93251136226,63.275892535016,1 153.783123200584,63.8199046507,1 156.359170110463,66.707356365203,1 156.360845585699,69.2417597063491,1 155.364577143656,71.923080802369,1 153.042737231287,73.9727677528895,1 149.95707271531,75.985874555862,1 146.782639512225,78.4702469391065,1 142.851882919645,80.908957812644,1 140.299534417463,81.9361228439673,1 137.47800392113,82.8748946241409,1 134.492595750255,83.757438375073,1 131.39379137534,84.606459488481,1 128.279679372248,85.4791631501407,1 125.112742744501,86.3042151997857,1 121.88765558547,87.0417089225846,1 118.605933201469,87.654567168009,1 115.240320415431,88.0757001222482,1 111.871802770866,88.3552390603189,1 108.548223288086,88.5237735398512,1 105.341754359624,88.572838899194,1 102.369875587327,88.4939850844422,1 99.5445083635697,88.3177578299879,1 96.8206114769091,88.0625860232739,1 94.186552340637,87.756370151243,1 91.6043652842257,87.4438633475374,1 89.1080083476903,87.092936559502,1 84.436693283765,86.224189006118,1 80.2927735329506,85.0158188726069,1 76.539322696949,83.765208565023,1 73.0281626837786,82.8387587235738,1 69.913214958579,81.895106027316,1 67.3834252762711,80.6049567032532,1 65.18554267553,79.298502747752,1 61.214691589694,77.297963158538,1 58.397993831422,74.952787440168,1 56.049707971039,73.158680212942,1 53.858518842269,69.264866674976,1 54.645495681948,65.230200944026,1 57.0065660077851,63.8769628247234,1 60.193983452273,63.060607173889,1 63.6237205929683,63.0669665016966,1 67.591737241159,63.321001190684,1 72.2806058082268,63.2316572980646,1 74.8123976102755,63.1714203100865,1 77.446461071447,63.132810309985,1 80.1661851005451,63.1621748007567,1 82.9535029114976,63.2164823203783,1 85.7921020854605,63.2730162016902,1 88.660108429553,63.317179563098,1 91.5311124966472,63.3181206209262,1 94.4024076306395,63.3018874142584,1 97.2692239734915,63.2823640520886,1 100.11134168388,63.26519054101,1 102.902879130774,63.2640487665045,1 105.656051825259,63.2686972008992,1 108.377591456012,63.2737756717358,1 111.058067859218,63.278321998853,1 113.68545376722,63.278691643024,1 116.274272180223,63.2775715089875,1 118.83067225478,63.2763643499521,1 121.367748254191,63.275278081282,1 123.910440838785,63.27520735095,1 126.429359974032,63.2754947143393,1 131.332648453233,63.276066036405,1 136.06627024566,63.2760098676039,1 140.375742923081,63.275859630901,1 143.977723644435,63.2758645932486,1 146.947450202081,63.27589504281,1 150.93251136226,63.275892535016,1)"
        color="rgba(0,0,0,1)"/>
      <face
        id="41"
        frame="4"
        cycles="[28+]"
        color="rgba(0,0,0,1)"/>
      <edge
        id="28"
        frame="4"
        curve="xywdense(5 150.93251136226,53.275892535016,1 153.783123200584,52.731880419332,1 156.359170110463,49.844428704829,1 156.360845585699,47.3100253636829,1 155.364577143656,44.628704267663,1 153.042737231287,42.5790173171425,1 149.95707271531,40.56591051417,1 146.782639512225,38.0815381309254,1 142.851882919645,35.642827257388,1 140.299534417463,34.615662226065,1 137.47800392113,33.6768904458917,1 134.492595750255,32.7943466949599,1 131.39379137534,31.945325581552,1 128.279679372248,31.0726219198922,1 125.112742744501,30.2475698702468,1 121.88765558547,29.5100761474477,1 118.605933201469,28.897217902023,1 115.240320415431,28.4760849477837,1 111.871802770866,28.196546009713,1 108.548223288086,28.0280115301807,1 105.341754359624,27.978946170838,1 102.369875587327,28.0577999855898,1 99.5445083635697,28.2340272400441,1 96.8206114769091,28.4891990467581,1 94.186552340637,28.795414918789,1 91.6043652842257,29.1079217224946,1 89.1080083476903,29.45884851053,1 84.436693283765,30.327596063914,1 80.2927735329506,31.5359661974251,1 76.539322696949,32.786576505009,1 73.0281626837786,33.7130263464582,1 69.913214958579,34.656679042716,1 67.3834252762711,35.9468283667788,1 65.18554267553,37.25328232228,1 61.214691589694,39.253821911494,1 58.397993831422,41.598997629864,1 56.049707971039,43.393104857091,1 53.858518842269,47.286918395056,1 54.645495681948,51.321584126006,1 57.0065660077851,52.6748222453086,1 60.193983452273,53.491177896143,1 63.6237205929683,53.4848185683354,1 67.591737241159,53.230783879348,1 72.2806058082268,53.3201277719674,1 74.8123976102755,53.3803647599455,1 77.446461071447,53.418974760047,1 80.1661851005451,53.3896102692753,1 82.9535029114976,53.3353027496537,1 85.7921020854605,53.2787688683418,1 88.660108429553,53.234605506934,1 91.5311124966472,53.2336644491058,1 94.4024076306395,53.2498976557736,1 97.2692239734915,53.2694210179434,1 100.11134168388,53.286594529022,1 102.902879130774,53.2877363035275,1 105.656051825259,53.2830878691328,1 108.377591456012,53.2780093982962,1 111.058067859218,53.273463071179,1 113.68545376722,53.273093427008,1 116.274272180223,53.2742135610444,1 118.83067225478,53.2754207200799,1 121.367748254191,53.27650698875,1 123.910440838785,53.2765777190823,1 126.429359974032,53.2762903556932,1 131.332648453233,53.275719033628,1 136.06627024566,53.2757752024287,1 140.375742923081,53.275925439131,1 143.977723644435,53.2759204767833,1 146.947450202081,53.275890027222,1 150.93251136226,53.275892535016,1)"
        color="rgba(0,0,0,1)"/>
      <face
        id="44"
        frame="5"
        cycles="[29+]"
        color="rgba(0,0,0,1)"/>
      <edge
        id="29"
        frame="5"
        curve="xywdense(5 150.93251136226,63.275892535016,1 153.783123200584,63.8199046507,1 156.359170110463,66.707356365203,1 156.360845585699,69.2417597063491,1 155.364577143656,71.923080802369,1 153.042737231287,73.9727677528895,1 149.95707271531,75.985874555862,1 146.782639512225,78.4702469391065,1 142.851882919645,80.908957812644,1 140.299534417463,81.9361228439673,1 137.47800392113,82.8748946241409,1 134.492595750255,83.757438375073,1 131.39379137534,84.606459488481,1 128.279679372248,85.4791631501407,1 125.112742744501,86.3042151997857,1 121.88765558547,87.0417089225846,1 118.605933201469,87.654567168009,1 115.240320415431,88.0757001222482,1 111.871802770866,88.3552390603189,1 108.548223288086,88.5237735398512,1 105.341754359624,88.572838899194,1 102.369875587327,88.4939850844422,1 99.5445083635697,88.3177578299879,1 96.8206114769091,88.0625860232739,1 94.186552340637,87.756370151243,1 91.6043652842257,87.4438633475374,1 89.1080083476903,87.092936559502,1 84.436693283765,86.224189006118,1 80.2927735329506,85.0158188726069,1 76.539322696949,83.765208565023,1 73.0281626837786,82.8387587235738,1 69.913214958579,81.895106027316,1 67.3834252762711,80.6049567032532,1 65.18554267553,79.298502747752,1 61.214691589694,77.297963158538,1 58.397993831422,74.952787440168,1 56.049707971039,73.158680212942,1 53.858518842269,69.264866674976,1 54.645495681948,65.230200944026,1 57.0065660077851,63.8769628247234,1 60.193983452273,63.060607173889,1 63.6237205929683,63.0669665016966,1 67.591737241159,63.321001190684,1 72.2806058082268,63.2316572980646,1 74.8123976102755,63.1714203100865,1 77.446461071447,63.132810309985,1 80.1661851005451,63.1621748007567,1 82.9535029114976,63.2164823203783,1 85.7921020854605,63.2730162016902,1 88.660108429553,63.317179563098,1 91.5311124966472,63.3181206209262,1 94.4024076306395,63.3018874142584,1 97.2692239734915,63.2823640520886,1 100.11134168388,63.26519054101,1 102.902879130774,63.2640487665045,1 105.656051825259,63.2686972008992,1 108.377591456012,63.2737756717358,1 111.058067859218,63.278321998853,1 113.68545376722,63.278691643024,1 116.274272180223,63.2775715089875,1 118.83067225478,63.2763643499521,1 121.367748254191,63.275278081282,1 123.910440838785,63.27520735095,1 126.429359974032,63.2754947143393,1 131.332648453233,63.276066036405,1 136.06627024566,63.2760098676039,1 140.375742923081,63.275859630901,1 143.977723644435,63.2758645932486,1 146.947450202081,63.27589504281,1 150.93251136226,63.275892535016,1)"
        color="rgba(0,0,0,1)"/>
      <face
        id="43"
        frame="5"
        cycles="[30+]"
        color="rgba(0,0,0,1)"/>
      <edge
        id="30"
        frame="5"
        curve="xywdense(5 150.93251136226,53.275892535016,1 153.783123200584,52.731880419332,1 156.359170110463,49.844428704829,1 156.360845585699,47.3100253636829,1 155.364577143656,44.628704267663,1 153.042737231287,42.5790173171425,1 149.95707271531,40.56591051417,1 146.782639512225,38.0815381309254,1 142.851882919645,35.642827257388,1 140.299534417463,34.615662226065,1 137.47800392113,33.6768904458917,1 134.492595750255,32.7943466949599,1 131.39379137534,31.945325581552,1 128.279679372248,31.0726219198922,1 125.112742744501,30.2475698702468,1 121.88765558547,29.5100761474477,1 118.605933201469,28.897217902023,1 115.240320415431,28.4760849477837,1 111.871802770866,28.196546009713,1 108.548223288086,28.0280115301807,1 105.341754359624,27.978946170838,1 102.369875587327,28.0577999855898,1 99.5445083635697,28.2340272400441,1 96.8206114769091,28.4891990467581,1 94.186552340637,28.795414918789,1 91.6043652842257,29.1079217224946,1 89.1080083476903,29.45884851053,1 84.436693283765,30.327596063914,1 80.2927735329506,31.5359661974251,1 76.539322696949,32.786576505009,1 73.0281626837786,33.7130263464582,1 69.913214958579,34.656679042716,1 67.3834252762711,35.9468283667788,1 65.18554267553,37.25328232228,1 61.214691589694,39.253821911494,1 58.397993831422,41.598997629864,1 56.049707971039,43.393104857091,1 53.858518842269,47.286918395056,1 54.645495681948,51.321584126006,1 57.0065660077851,52.6748222453086,1 60.193983452273,53.491177896143,1 63.6237205929683,53.4848185683354,1 67.591737241159,53.230783879348,1 72.2806058082268,53.3201277719674,1 74.8123976102755,53.3803647599455,1 77.446461071447,53.418974760047,1 80.1661851005451,53.3896102692753,1 82.9535029114976,53.3353027496537,1 85.7921020854605,53.2787688683418,1 88.660108429553,53.234605506934,1 91.5311124966472,53.2336644491058,1 94.4024076306395,53.2498976557736,1 97.2692239734915,53.2694210179434,1 100.11134168388,53.286594529022,1 102.902879130774,53.2877363035275,1 105.656051825259,53.2830878691328,1 108.377591456012,53.2780093982962,1 111.058067859218,53.273463071179,1 113.68545376722,53.273093427008,1 116.274272180223,53.2742135610444,1 118.83067225478,53.2754207200799,1 121.367748254191,53.27650698875,1 123.910440838785,53.2765777190823,1 126.429359974032,53.2762903556932,1 131.332648453233,53.275719033628,1 136.06627024566,53.2757752024287,1 140.375742923081,53.275925439131,1 143.977723644435,53.2759204767833,1 146.947450202081,53.275890027222,1 150.93251136226,53.275892535016,1)"
        color="rgba(0,0,0,1)"/>
      <face
        id="46"
        frame="6"
        cycles="[31+]"
        color="rgba(0,0,0,1)"/>
      <edge
        id="31"
        frame="6"
        curve="xywdense(5 150.93251136226,63.275892535016,1 153.783123200584,63.8199046507,1 156.359170110463,66.707356365203,1 156.360845585699,69.2417597063491,1 155.364577143656,71.923080802369,1 153.042737231287,73.9727677528895,1 149.95707271531,75.985874555862,1 146.782639512225,78.4702469391065,1 142.851882919645,80.908957812644,1 140.299534417463,81.9361228439673,1 137.47800392113,82.8748946241409,1 134.492595750255,83.757438375073,1 131.39379137534,84.606459488481,1 128.279679372248,85.4791631501407,1 125.112742744501,86.3042151997857,1 121.88765558547,87.0417089225846,1 118.605933201469,87.654567168009,1 115.240320415431,88.0757001222482,1 111.871802770866,88.3552390603189,1 108.548223288086,88.5237735398512,1 105.341754359624,88.572838899194,1 102.369875587327,88.4939850844422,1 99.5445083635697,88.3177578299879,1 96.8206114769091,88.0625860232739,1 94.186552340637,87.756370151243,1 91.6043652842257,87.4438633475374,1 89.1080083476903,87.092936559502,1 84.436693283765,86.224189006118,1 80.2927735329506,85.0158188726069,1 76.539322696949,83.765208565023,1 73.0281626837786,82.8387587235738,1 69.913214958579,81.895106027316,1 67.3834252762711,80.6049567032532,1 65.18554267553,79.298502747752,1 61.214691589694,77.297963158538,1 58.397993831422,74.952787440168,1 56.049707971039,73.158680212942,1 53.858518842269,69.264866674976,1 54.645495681948,65.230200944026,1 57.0065660077851,63.8769628247234,1 60.193983452273,63.060607173889,1 63.6237205929683,63.0669665016966,1 67.591737241159,63.321001190684,1 72.2806058082268,63.2316572980646,1 74.8123976102755,63.1714203100865,1 77.446461071447,63.132810309985,1 80.1661851005451,63.1621748007567,1 82.9535029114976,63.2164823203783,1 85.7921020854605,63.2730162016902,1 88.660108429553,63.317179563098,1 91.5311124966472,63.3181206209262,1 94.4024076306395,63.3018874142584,1 97.2692239734915,63.2823640520886,1 100.11134168388,63.26519054101,1 102.902879130774,63.2640487665045,1 105.656051825259,63.2686972008992,1 108.377591456012,63.2737756717358,1 111.058067859218,63.278321998853,1 113.68545376722,63.278691643024,1 116.274272180223,63.2775715089875,1 118.83067225478,63.2763643499521,1 121.367748254191,63.275278081282,1 123.910440838785,63.27520735095,1 126.429359974032,63.2754947143393,1 131.332648453233,63.276066036405,1 136.06627024566,63.2760098676039,1 140.375742923081,63.275859630901,1 143.977723644435,63.2758645932486,1 146.947450202081,63.27589504281,1 150.93251136226,63.275892535016,1)"
        color="rgba(0,0,0,1)"/>
      <face
        id="45"
        frame="6"
        cycles="[32+]"
        color="rgba(0,0,0,1)"/>
      <edge
        id="32"
        frame="6"
        curve="xywdense(5 150.93251136226,53.275892535016,1 153.783123200584,52.731880419332,1 156.359170110463,49.844428704829,1 156.360845585699,47.3100253636829,1 155.364577143656,44.628704267663,1 153.042737231287,42.5790173171425,1 149.95707271531,40.56591051417,1 146.782639512225,38.0815381309254,1 142.851882919645,35.642827257388,1 140.299534417463,34.615662226065,1 137.47800392113,33.6768904458917,1 134.492595750255,32.7943466949599,1 131.39379137534,31.945325581552,1 128.279679372248,31.0726219198922,1 125.112742744501,30.2475698702468,1 121.88765558547,29.5100761474477,1 118.605933201469,28.897217902023,1 115.240320415431,28.4760849477837,1 111.871802770866,28.196546009713,1 108.548223288086,28.0280115301807,1 105.341754359624,27.978946170838,1 102.369875587327,28.0577999855898,1 99.5445083635697,28.2340272400441,1 96.8206114769091,28.4891990467581,1 94.186552340637,28.795414918789,1 91.6043652842257,29.1079217224946,1 89.1080083476903,29.45884851053,1 84.436693283765,30.327596063914,1 80.2927735329506,31.5359661974251,1 76.539322696949,32.786576505009,1 73.0281626837786,33.7130263464582,1 69.913214958579,34.656679042716,1 67.3834252762711,35.9468283667788,1 65.18554267553,37.25328232228,1 61.214691589694,39.253821911494,1 58.397993831422,41.598997629864,1 56.049707971039,43.393104857091,1 53.858518842269,47.286918395056,1 54.645495681948,51.321584126006,1 57.0065660077851,52.6748222453086,1 60.193983452273,53.491177896143,1 63.6237205929683,53.4848185683354,1 67.591737241159,53.230783879348,1 72.2806058082268,53.3201277719674,1 74.8123976102755,53.3803647599455,1 77.446461071447,53.418974760047,1 80.1661851005451,53.3896102692753,1 82.9535029114976,53.3353027496537,1 85.7921020854605,53.2787688683418,1 88.660108429553,53.234605506934,1 91.5311124966472,53.2336644491058,1 94.4024076306395,53.2498976557736,1 97.2692239734915,53.2694210179434,1 100.11134168388,53.286594529022,1 102.902879130774,53.2877363035275,1 105.656051825259,53.2830878691328,1 108.377591456012,53.2780093982962,1 111.058067859218,53.273463071179,1 113.68545376722,53.273093427008,1 116.274272180223,53.2742135610444,1 118.83067225478,53.2754207200799,1 121.367748254191,53.27650698875,1 123.910440838785,53.2765777190823,1 126.429359974032,53.2762903556932,1 131.332648453233,53.275719033628,1 136.06627024566,53.2757752024287,1 140.375742923081,53.275925439131,1 143.977723644435,53.2759204767833,1 146.947450202081,53.275890027222,1 150.93251136226,53.275892535016,1)"
        color="rgba(0,0,0,1)"/>
      <face
        id="62"
        frame="17"
        cycles="[60+]"
        color="rgba(0,0,0,1)"/>
      <edge
        id="60"
        frame="17"
        curve="xywdense(5 30.9703434353192,62.5183682614046,1 30.4046762405108,58.8051277996923,1 31.4938775582338,56.1014910751962,1 31.3599056528625,51.54338868478,1 32.7147348682055,49.1202839782171,1 33.3608992663592,45.8499672742787,1 34.4626074709829,42.3610516782578,1 34.8998953003196,39.6673503747275,1 38.3328994151853,37.1080719863201,1 38.689410701343,34.0787362181021,1 42.6451522057988,32.0323419091838,1 44.3622493834392,29.4157634136237,1 47.3751532314228,27.7162509066907,1 50.5837134778293,26.1080916663011,1 51.8719914426793,23.0292751659087,1 54.333055853285,22.4401120570752,1 56.8970004906921,21.9393523780384,1 59.0083202699533,19.5677633160209,1 61.7664455786894,19.40091250043,1 65.8079282971052,17.6238207868989,1 67.5205848897165,15.4714338661175,1 70.4250689426922,16.4699395517572,1 73.4310057784747,15.6838187763675,1 77.0543882255033,13.4714359445717,1 79.6341889953717,12.8921520049801,1 82.2280623604384,13.7616195494669,1 84.7989845011207,11.6735349467837,1 88.0151700820551,11.4120884460702,1 91.8724226626818,11.3069660335538,1 94.5941118586506,10.0069363799837,1 98.5497639710589,10.3998779646307,1 101.342047565888,10.2829849137568,1 103.958953649283,10.1802144895592,1 106.511585670214,10.6861370876165,1 109.150534469746,11.1001739849001,1 112.994900786229,11.1328563481657,1 115.888366710742,11.628885697624,1 118.660705146371,11.9763104597529,1 121.585297799785,10.6231711324261,1 124.176588207705,11.3724612817916,1 128.407741099512,12.7231613674665,1 132.775999606132,13.6310529938666,1 135.963931799008,14.8416637562109,1 139.402736105744,15.0278380634157,1 141.659101769176,16.4740109630553,1 144.271327956476,17.8973703015315,1 147.359010521268,19.0005623034158,1 149.968091186709,20.6034723519457,1 153.014365776134,21.4254098977635,1 155.341865792457,22.487633079,1 159.075963857218,24.2140893657201,1 160.738097083905,27.5315142989758,1 163.283518808126,28.6547673406786,1 166.261498462551,30.5798241566022,1 168.616351590336,33.9164551024654,1 170.334993848219,36.7448799236592,1 172.481060290037,38.8517222139848,1 175.236793172188,40.2447901172973,1 176.390552486736,42.808942022729,1 177.48342644048,45.6543466245388,1 178.189466311566,49.5785350665818,1 178.293722100256,52.1995205554247,1 178.360327936365,54.8469276960252,1 179.030241509173,58.8057738038861,1 179.66445690631,61.554570859979,1 178.254248154482,64.338756930266,1 177.488013583241,66.7371818329945,1 176.403818659649,69.4932195211546,1 174.733663644672,72.9155781125843,1 174.075842168817,75.8203679130298,1 171.741783014992,78.0437954338404,1 170.065608960326,81.7224846430707,1 167.886552480131,83.2594750767074,1 165.724936180228,85.5516113243939,1 162.663188227593,86.9660967565293,1 160.829090069401,88.8863684700308,1 158.546283747887,90.9637713784356,1 155.938915168385,93.7684499247363,1 153.077474622849,95.0193003268844,1 150.148354632595,96.1105136357849,1 146.999550495348,97.6380954361056,1 143.982284673251,97.6615783756224,1 141.421569887333,98.8945031338123,1 138.949994143498,99.5280960339295,1 136.510562758357,100.792115883124,1 133.70042547494,102.356660003669,1 129.112161034541,103.316404828829,1 125.713895438782,104.383044282441,1 122.30778187623,105.262657744284,1 117.656733701494,105.196009381187,1 113.670154151163,106.248458479981,1 111.041339634717,105.301876286507,1 108.389446222157,106.072646891381,1 105.89167534776,105.694252387004,1 101.087514910557,106.67981656929,1 97.9395355926121,105.320413231862,1 95.0673887360374,105.686180674264,1 92.0609270480512,105.948765745304,1 87.8384290788147,104.367757624904,1 82.8721248399645,104.113396826405,1 78.9184295517224,104.926372638663,1 76.2084883505747,102.125925493661,1 73.3581514699541,102.945107008844,1 70.4301686681486,101.927825662025,1 67.757202346199,100.15604170938,1 64.7934517870456,98.7123255755911,1 61.2609796343797,97.5433867691043,1 58.6683204822037,95.2992476386187,1 56.39035702588,94.1656083925548,1 54.3565819464174,92.6769867260725,1 52.2018612264363,91.1581946527648,1 48.956332645966,89.7831921520973,1 46.263078109522,87.9970118280051,1 43.1077381678238,86.9214234879382,1 42.4990228114325,84.1854117207395,1 40.2563637427938,81.4090720431906,1 38.3382513516046,79.8049148603115,1 36.2227183813262,77.241630666632,1 35.5456254631244,73.681996023251,1 33.199503227718,72.7773156251782,1 32.9685917329593,69.8830945011105,1 32.0845305494916,66.8680183300089,1 31.1906083372507,64.4722045483741,1 30.9703434353192,62.5183682614046,1)"
        color="rgba(0,0,0,1)"/>
    </objects>
  </layer>
</vec>
